4 0.177288 0.300245 0.232026 0.399510
4 0.439338 0.339154 0.223448 0.430147
7 0.457108 0.153339 0.120915 0.058517
36 0.559845 0.601256 0.138072 0.095895
58 0.610061 0.782031 0.381731 0.257659
40 0.313930 0.543658 0.378676 0.170650
33 1.037582 0.562806 0.074346 0.069240
39 0.838848 1.120558 0.051062 0.044424
39 0.658088 1.181526 0.051471 0.040135
14 0.886642 1.084559 0.039624 0.031250
14 0.448325 1.051011 0.064134 0.035233
58 0.435458 0.932138 0.058824 0.020527
36 1.080270 0.505566 0.890931 0.373877
57 0.720598 0.468940 0.593818 0.358573
14 0.697097 0.693181 0.201797 0.260893
36 0.750408 0.567083 0.083333 0.041973
39 0.498162 0.408701 0.117239 0.101716
40 0.995915 0.418352 0.367647 0.115502
14 0.419118 0.503370 0.091503 0.051471
42 0.478962 0.423560 0.065768 0.073836
59 0.522876 0.732537 0.009804 0.015319
59 0.543709 0.583640 0.010621 0.010417
59 0.538807 0.546262 0.008987 0.012868
59 0.281046 0.047794 0.006536 0.004902
59 0.636029 0.066483 0.004085 0.004289
59 0.628676 0.079350 0.008987 0.004289
59 0.790033 0.194853 0.011438 0.002451
59 0.815359 0.322610 0.006536 0.007966
5 0.352533 0.142004 0.356209 0.102635
5 0.495507 0.307751 0.284314 0.217831
0 0.551471 0.606311 0.110294 0.109069
0 0.253268 0.608303 0.149510 0.064032
5 0.598243 0.598805 0.076389 0.086091
33 0.915441 0.856464 0.107843 0.072610
39 0.256740 0.237132 0.068627 0.048407
59 0.249592 0.288348 0.011438 0.006434
36 0.267974 0.481311 0.077614 0.046569
58 0.129493 0.929381 0.048203 0.029105
