12 0.196232 0.356413 0.147978 0.302696
50 0.162377 0.248570 0.048407 0.029820
39 0.305300 0.748162 0.025429 0.033905
58 0.403799 0.608047 0.005515 0.027369
58 0.457108 0.905433 0.170343 0.229984
21 0.450368 0.802492 0.121324 0.211193
58 0.474265 1.242647 0.036152 0.040850
57 0.302988 0.818238 0.275648 0.244437
57 0.535007 0.702867 0.246951 0.325980
51 0.671744 0.553250 0.021446 0.249592
9 0.453585 0.820057 0.259498 0.194036
5 0.595435 0.820057 0.252757 0.823938
7 0.537531 1.202206 0.090380 0.062092
55 0.578125 1.599877 0.144608 0.028186
55 0.526961 1.424837 0.155637 0.322712
12 0.226562 0.442606 0.043199 0.013480
12 0.278952 0.436887 0.024816 0.016748
12 0.934589 0.407067 0.024203 0.018382
5 0.401348 0.422386 0.068627 0.035948
5 0.743107 0.408905 0.047488 0.026144
6 0.838082 0.409314 0.021752 0.013072
21 0.632200 0.416871 0.029105 0.021650
27 0.651961 0.417688 0.011029 0.023284
55 0.648284 0.423815 0.038603 0.005310
59 0.611520 0.528186 0.008578 0.007353
29 0.317096 0.821487 0.079657 0.174020
21 0.511949 0.926471 0.081495 0.126634
21 0.627604 0.103145 0.050551 0.066585
20 0.349724 0.776961 0.117953 0.098856
55 0.481618 1.022467 0.083946 0.147876
55 0.617647 0.058415 0.032475 0.116830
27 0.495098 0.986724 0.077206 0.093546
27 0.630821 0.054126 0.052083 0.053513
17 0.357384 0.598652 0.230699 0.274918
17 0.671262 0.394404 0.156863 0.292075
34 0.513787 0.280025 0.138480 0.109069
33 0.468903 0.567606 0.034007 0.055147
58 0.632506 0.918301 0.062194 0.057190
59 0.543505 0.357843 0.024510 0.009804
40 0.367647 0.703227 0.223039 0.319036
58 0.017463 0.985294 0.034926 0.044118
40 0.576746 0.833946 0.103248 0.175245
36 0.603554 0.755719 0.048407 0.071078
39 0.181985 0.815972 0.040441 0.043709
39 0.217525 0.974469 0.039828 0.041258
36 0.017004 0.361928 0.034007 0.031863
49 0.198683 1.181577 0.039522 0.088644
5 0.218750 0.750000 0.061275 0.201797
43 0.193781 0.608252 0.049939 0.047386
31 0.188879 0.576593 0.026042 0.018382
31 0.521906 0.223856 0.031556 0.024510
14 0.071385 0.747345 0.028799 0.027369
58 0.094669 0.755923 0.018995 0.020833
58 0.471661 1.016136 0.011949 0.039624
58 0.598958 0.606209 0.051471 0.037582
58 0.144914 0.240809 0.035539 0.015931
58 0.401501 0.266136 0.067708 0.020833
58 0.429075 0.198734 0.007047 0.004493
58 0.073989 0.535131 0.015012 0.013072
29 0.551317 1.161969 0.013174 0.124592
58 0.436734 1.049632 0.017463 0.033905
29 0.290135 1.059232 0.048407 0.060458
55 0.576440 0.719363 0.038909 0.054739
20 0.029105 0.253472 0.027574 0.029003
7 0.210631 0.844567 0.015625 0.012663
36 0.273131 0.560253 0.103248 0.116422
58 0.498621 0.617647 0.189032 0.201797
