55 0.198500 1.144463 0.095500 0.196820
59 0.143500 1.020833 0.013000 0.028509
59 0.099000 0.924890 0.014000 0.031798
59 0.085000 0.917763 0.019000 0.043860
59 0.021000 0.751645 0.015000 0.033991
59 0.304250 0.499452 0.018500 0.038377
59 0.265250 0.569627 0.017500 0.038377
36 0.359500 1.584704 0.032500 0.050987
59 0.173750 2.174342 0.012000 0.031798
58 0.121625 0.941886 0.005250 0.026316
58 0.170250 0.978893 0.005500 0.006031
57 0.352000 1.222862 0.468000 0.594846
36 0.523500 0.871711 0.083500 0.141447
12 0.610625 0.772752 0.352750 0.428180
36 0.407375 1.321272 0.330250 1.543860
58 0.305500 1.321272 0.144000 0.156798
12 0.360349 0.502642 0.083500 0.136513
34 0.356989 0.675292 0.102750 0.229167
50 0.398547 0.532923 0.008000 0.023575
21 0.059260 0.354693 0.061250 0.134320
33 0.075386 0.417218 0.150500 0.142544
33 0.056386 0.532200 0.086000 0.158593
5 0.458625 0.666393 0.117250 0.319627
8 0.307250 0.738213 0.023500 0.044408
59 0.080250 0.584430 0.019500 0.010965
36 0.459875 0.660088 0.111250 0.190789
55 0.304750 0.956414 0.031500 0.234101
5 0.320250 0.857730 0.065500 0.305373
6 0.249500 0.666393 0.056000 0.356908
20 0.135250 0.637336 0.078000 0.206689
16 0.182875 0.723958 0.036750 0.037829
58 0.077875 0.446820 0.006750 0.017544
5 0.206750 1.034814 0.076000 0.084978
7 0.172875 1.064693 0.008250 0.026316
59 0.197375 1.115954 0.011250 0.009320
6 0.232625 0.738761 0.036750 0.211075
31 0.181000 0.759320 0.028000 0.141447
