11 0.388480 0.299479 0.164216 0.449449
33 0.560049 0.395221 0.135621 0.184436
36 0.562296 0.485600 0.055147 0.042279
41 0.645629 0.906710 0.497141 0.391238
29 0.738358 0.328278 0.045343 0.021140
39 0.859477 0.304693 0.197712 0.128130
49 0.846201 0.499540 0.887663 0.872855
29 0.523284 0.625306 0.373366 0.384804
55 0.303717 0.377911 0.015931 0.274816
58 0.602941 0.308058 0.098856 0.060355
29 1.048611 0.334559 0.155229 0.082721
21 0.561887 0.295190 0.060049 0.073836
21 0.611111 0.426624 0.111111 0.054228
5 0.415441 0.480392 0.122549 0.185662
39 0.583946 0.502451 0.122958 0.060662
36 0.243873 0.278646 0.057190 0.022365
39 0.267770 0.806985 0.078023 0.074142
36 0.307394 0.680300 0.037173 0.024816
58 0.554534 0.461091 0.028186 0.021446
