34 0.604167 0.495500 0.746711 0.486500
29 0.575384 0.607250 0.102522 0.034000
57 0.779057 0.539250 0.744518 0.301000
39 1.199561 0.506313 1.712719 0.534875
14 0.808662 0.485500 1.275219 0.576000
36 0.722314 0.566250 1.127741 0.458000
7 0.849232 0.747250 0.150219 0.066500
12 0.523575 0.400125 0.317982 0.198750
55 0.596491 0.333750 0.073465 0.083250
4 0.707785 0.361250 0.205044 0.122500
34 0.405976 0.514375 0.468750 0.182000
34 0.370888 0.617500 0.317434 0.141500
34 0.797149 0.073500 0.156798 0.147250
11 0.442160 0.204000 0.169408 0.053000
6 0.323465 0.220875 0.128289 0.057750
5 0.235746 0.198500 0.105263 0.029500
5 1.032895 0.244750 0.119518 0.020000
6 1.406250 0.254750 0.064693 0.072000
38 0.401316 0.074500 0.614035 0.148000
38 0.324287 0.126750 0.405154 0.149500
38 0.561404 0.316375 0.928728 0.363750
38 0.158717 0.209625 0.317434 0.155750
40 0.162281 0.560750 0.324561 0.336500
36 1.023849 0.266000 0.069627 0.022500
42 0.957785 0.460750 0.125000 0.054500
40 1.040022 0.418750 0.289474 0.089500
14 0.280702 0.491750 0.555921 0.261000
14 1.256853 0.484875 0.124452 0.067250
16 1.165844 0.390875 0.115680 0.046250
14 1.261513 0.309000 0.097588 0.029500
16 0.605537 0.491750 0.132127 0.041000
14 0.600603 0.533750 0.179276 0.046500
16 0.497533 0.511375 0.061952 0.029750
50 1.015077 0.223375 0.018092 0.004750
55 1.191338 0.412750 0.018640 0.023500
55 0.538925 0.508250 0.013158 0.014500
5 0.717379 0.507500 0.079496 0.110500
7 0.726700 0.556500 0.035636 0.013000
14 0.439145 0.567000 0.133772 0.072000
40 0.564967 0.161125 0.199013 0.039750
59 0.212719 0.880375 0.036184 0.014750
59 0.386787 0.815250 0.034539 0.027500
