6 0.330270 0.219516 0.078023 0.114277
58 1.062908 0.302083 0.028595 0.071691
57 0.407067 0.506127 0.404003 0.712623
20 0.558619 0.457721 0.107435 0.071691
42 0.490809 0.756127 0.265931 0.249387
21 0.794526 1.067555 0.130719 0.121017
21 0.688419 0.726562 0.468750 0.514400
14 0.798815 0.485600 1.106618 0.591912
5 0.540237 0.591912 0.095180 0.209559
7 0.543096 0.690411 0.041258 0.013174
55 0.233660 0.580116 0.091503 0.098346
59 0.188317 0.212163 0.022876 0.008885
32 0.402165 0.638787 0.139297 0.129902
50 0.542688 0.414369 0.029820 0.021140
12 0.464257 0.393842 0.187500 0.098346
16 0.256536 0.384191 0.225490 0.181985
18 0.678922 0.448223 0.330882 0.250613
5 0.301471 0.216912 0.285131 0.078431
5 0.483252 0.224112 0.115196 0.222733
0 0.416667 0.366422 0.087418 0.042279
0 0.495711 0.422947 0.074755 0.072610
5 0.659109 0.603860 0.145016 0.140319
12 0.736928 0.369026 0.033497 0.013787
12 0.849673 0.341299 0.020425 0.011029
36 0.603145 0.507506 0.135212 0.119792
