12 0.638980 0.357375 0.139803 0.159250
58 0.573355 0.167325 0.060307 0.020250
51 0.896272 0.125100 0.131579 0.067000
5 0.845121 0.514625 0.629934 0.088250
7 1.147478 0.508750 0.027412 0.025000
36 0.648300 0.504875 0.745695 0.328250
50 0.994885 0.498622 0.381031 0.249083
29 0.838816 0.558625 0.515351 0.033750
55 0.450932 0.289875 0.457785 0.020750
42 0.615132 0.427875 0.172149 0.091250
8 1.252467 0.403625 0.184759 0.082750
5 0.723958 0.314500 0.099232 0.106000
59 1.229715 0.267500 0.023026 0.003000
59 0.283991 0.025000 0.008772 0.005000
59 0.020285 0.435000 0.016447 0.009000
44 0.675987 0.399000 0.144737 0.061500
49 0.587445 0.498875 0.180373 0.026250
55 0.515351 0.539250 0.109649 0.027000
29 0.426261 0.720625 0.014803 0.018750
37 1.143640 0.167500 0.109649 0.057000
58 0.729989 0.151625 0.059759 0.007250
5 0.535636 0.346875 0.169956 0.035250
7 0.455866 0.357500 0.011513 0.007500
27 0.457237 0.646625 0.100877 0.034250
36 0.063596 0.353500 0.012061 0.010500
58 0.174068 0.448000 0.038925 0.012500
