55 0.282680 0.516085 0.101307 0.027267
38 0.583129 0.573989 0.563317 0.188419
36 0.437092 0.689032 0.133987 0.080882
36 0.620711 0.607690 0.162173 0.079350
12 0.573938 0.794577 0.106209 0.103248
49 0.310662 0.567862 0.377042 0.247243
39 1.528391 0.510876 0.170343 0.140625
58 1.182598 0.780331 0.036765 0.045956
8 0.539216 0.672181 0.169935 0.129902
8 0.273693 0.364904 0.061275 0.048407
5 0.800449 0.409926 0.116422 0.024510
7 0.746324 0.410539 0.008170 0.011029
59 0.201389 0.387255 0.007353 0.006127
55 0.589665 0.307445 0.019199 0.008885
16 0.568219 0.301777 0.040850 0.023897
5 0.435662 0.395987 0.187500 0.067096
36 0.358864 0.400276 0.044526 0.040135
36 0.109273 0.847886 0.215278 0.140625
22 0.376225 0.376991 0.043301 0.027267
33 0.116830 0.500613 0.037582 0.022672
59 0.540441 0.466605 0.018791 0.009191
20 1.028595 0.324602 0.092320 0.054228
14 0.684641 0.443934 0.066176 0.053922
39 0.645016 0.506587 0.155229 0.061581
59 0.584355 0.526808 0.010212 0.011949
58 0.286765 0.484835 0.066993 0.044424
4 0.790645 0.039982 0.055964 0.030944
58 0.520833 0.039522 0.013072 0.007966
36 0.554959 0.460678 0.135621 0.114277
