12 0.688048 0.457625 0.224781 0.088250
51 0.410088 0.232375 0.080044 0.031250
36 0.547697 0.336875 0.512061 0.113750
57 1.011787 0.630500 0.467654 0.161500
40 0.734447 0.528625 0.956400 0.461250
58 1.154057 0.456375 1.492325 0.645750
12 0.648300 0.562000 1.269189 0.343500
50 0.941886 0.520000 0.199561 0.118000
55 0.377467 0.276250 0.235197 0.326500
14 0.782072 0.352500 0.383224 0.152500
8 0.646656 0.369750 0.132127 0.038000
39 0.654879 0.391125 0.203399 0.065250
33 0.075658 0.074250 0.130482 0.050000
5 0.714364 0.185750 0.333333 0.078500
5 1.432018 0.542750 0.149123 0.082000
36 0.718476 0.477125 0.121162 0.056750
5 1.231360 0.326750 0.173246 0.114000
7 1.163377 0.273375 0.026316 0.007750
39 1.420230 0.403125 0.044408 0.009750
27 0.047423 0.108625 0.077303 0.009750
5 0.559211 0.502625 0.139254 0.047750
