5 0.532346 0.528500 0.243421 0.071000
7 0.637884 0.504375 0.031250 0.022750
59 0.778509 0.664500 0.035088 0.024000
5 1.084156 0.188625 0.186952 0.040750
58 1.214090 0.170375 0.036732 0.008250
59 1.229167 0.043875 0.024123 0.006750
59 0.671327 0.104375 0.024671 0.004250
57 0.678454 0.569125 0.800987 0.161250
39 0.885143 0.447625 1.704496 0.441750
8 0.809485 0.550625 0.589364 0.266250
6 1.051535 0.512375 0.972588 0.125750
6 1.377193 0.620500 0.559211 0.266000
6 1.521382 0.761625 0.271930 0.121750
12 0.281798 0.557625 0.220395 0.118750
52 0.281798 0.783875 0.109649 0.172250
58 1.055921 0.861250 0.242325 0.291500
39 0.500548 0.245000 0.083333 0.043500
42 0.690789 0.463750 0.260965 0.111500
59 0.250548 0.487000 0.027412 0.017000
17 0.348410 0.465875 0.069627 0.048250
52 0.219298 0.606125 0.244518 0.013250
34 0.667489 0.474750 0.139803 0.067500
16 1.185855 0.254750 0.039474 0.011500
14 1.209430 0.243625 0.053728 0.009750
38 0.897204 0.199625 0.103618 0.024250
33 0.476151 0.647500 0.101425 0.063500
29 0.894737 0.443125 0.071272 0.025250
39 0.552357 0.562750 0.058662 0.052000
