12 0.213082 0.040441 0.028493 0.035948
40 0.191023 0.943219 0.045650 0.075163
36 0.368413 0.994894 0.149203 0.109886
58 0.422028 1.077410 0.026654 0.030637
58 0.361213 1.524101 0.121324 0.077614
36 0.526195 1.400123 0.037071 0.036356
58 0.225950 1.285335 0.026654 0.045343
58 0.522672 1.047386 0.071691 0.097222
58 0.551164 1.426879 0.012868 0.060458
58 0.473958 0.938521 0.100490 0.045343
36 0.425245 0.774306 0.026961 0.030637
58 0.521140 0.854779 0.028186 0.033088
57 0.175245 0.818627 0.349877 1.463235
17 0.451593 0.797181 0.213235 0.480801
14 0.700980 0.523080 0.655178 0.578840
36 0.793964 0.481618 0.466605 0.493464
21 0.386146 0.938161 0.327819 0.365196
55 0.619835 0.852883 0.225286 0.133987
39 0.565987 1.078859 0.109069 0.100490
39 0.634191 0.647876 0.941176 1.006536
6 0.523897 0.851716 0.168505 0.131536
29 0.064645 0.426062 0.068015 0.044935
30 0.228094 0.460376 0.122855 0.030229
33 0.544577 0.444240 0.125306 0.047794
30 0.641850 0.448325 0.117647 0.035539
59 0.769914 0.510621 0.016544 0.006536
59 0.768689 0.502451 0.016544 0.011438
59 0.019301 0.530637 0.014093 0.010621
39 0.290135 0.459150 0.167279 0.180556
12 0.747855 0.388072 0.192402 0.211601
50 0.702206 0.314951 0.031863 0.023693
39 0.560355 1.092525 0.186275 0.165441
29 1.117647 0.844771 0.058211 0.101307
5 0.611979 0.342525 0.089154 0.095180
51 0.522059 0.646038 0.131740 0.261029
59 0.177849 0.987132 0.019914 0.024101
5 0.760110 0.598652 0.085784 0.163807
59 0.573989 0.397263 0.010723 0.011846
