20 0.339461 0.371170 0.095588 0.072610
36 0.020425 0.086091 0.040033 0.025735
5 0.261438 0.142770 0.101307 0.054534
5 0.321691 0.125153 0.100082 0.058517
36 0.227533 0.117647 0.056373 0.026961
36 0.178922 0.058517 0.031863 0.021446
39 0.319444 0.196538 0.026961 0.021140
21 0.482026 0.272518 0.040850 0.030944
58 0.679330 0.247243 0.035948 0.034314
40 0.920547 0.126838 0.122141 0.036152
36 0.892770 0.201440 0.117239 0.044424
36 1.226307 0.104013 0.081699 0.064645
58 0.536152 0.136489 0.069036 0.045650
58 0.560253 0.191330 0.039624 0.024203
58 0.126430 0.078738 0.080474 0.033088
17 0.200572 0.477788 0.294118 0.244792
17 0.392157 0.748928 0.625817 0.472120
17 0.512459 0.317249 0.463644 0.496017
57 0.708129 0.570312 0.042892 0.035846
57 0.717116 0.591299 0.054330 0.056373
59 0.546160 1.007353 0.446078 0.174632
40 0.527574 1.082874 0.662990 0.308517
58 0.679126 0.217525 0.129493 0.061887
18 0.776961 0.277574 0.158497 0.077819
58 0.755310 0.640931 0.101307 0.070466
36 0.838644 0.496017 0.568627 0.329657
59 1.210376 0.441636 0.258170 0.201287
58 0.832312 0.443015 0.106618 0.142157
4 0.555760 0.759498 0.124592 0.158701
45 0.525123 0.192862 0.486520 0.245404
39 0.988562 0.333946 0.286765 0.175245
7 0.375613 0.339154 0.064951 0.048407
49 0.597835 0.470741 0.087827 0.068321
59 0.835376 0.367341 0.018791 0.016544
8 0.966503 0.912377 0.078431 0.036152
39 0.798407 0.434436 0.133578 0.079044
36 0.495711 0.385110 0.138480 0.098652
58 0.295343 0.080729 0.021242 0.019914
36 0.594771 0.329197 0.028595 0.012561
