4 0.136438 0.272059 0.245915 0.403186
4 0.474673 0.278646 0.290033 0.494179
23 0.426062 0.226103 0.128268 0.132353
12 0.367239 0.606618 0.075980 0.028799
50 0.341299 0.607690 0.015931 0.008885
31 0.431168 0.527114 0.039624 0.028493
59 0.465482 0.576900 0.025735 0.009804
59 0.363971 0.596201 0.017974 0.009804
59 0.373162 0.596354 0.011846 0.008272
59 0.392361 0.592218 0.013480 0.003676
59 0.276348 0.657629 0.016748 0.010110
59 0.287582 0.623162 0.008170 0.012255
33 0.275940 0.631434 0.027369 0.017157
33 0.211806 0.628064 0.028186 0.015319
59 0.190359 0.678002 0.010621 0.013480
59 0.222426 0.672488 0.015114 0.012868
59 0.103962 0.751072 0.015114 0.014400
59 0.048407 0.786918 0.010212 0.013174
59 0.129902 0.692862 0.022876 0.010110
36 0.082312 0.734835 0.107435 0.106311
57 0.687908 0.407169 0.683824 0.424632
14 0.884600 1.119485 0.180964 0.113971
20 0.481209 0.779412 0.156046 0.124387
36 0.552288 0.632047 0.106209 0.021446
0 0.973243 1.129749 0.039624 0.041973
39 0.956495 0.349418 0.902369 0.377145
29 0.977941 0.583793 0.460784 0.214767
39 0.551222 0.644342 0.455065 0.158395
12 0.664011 0.727022 0.242239 0.194853
58 0.431781 1.008272 0.135621 0.026348
12 0.723652 0.485294 0.307598 0.185662
12 0.325776 0.672488 0.369690 0.200368
39 0.247345 0.524663 0.273284 0.173713
36 0.072917 0.562500 0.145833 0.178922
14 0.069036 0.665441 0.137255 0.135417
57 0.527369 0.838542 0.027778 0.035539
59 0.155229 0.769914 0.027778 0.015319
20 0.678717 0.555453 0.085376 0.093750
27 0.477737 0.408241 0.080474 0.055453
0 0.350694 0.266085 0.183415 0.078125
0 0.572100 0.586857 0.146650 0.110600
0 0.319240 0.490809 0.064134 0.070466
0 0.222631 0.394148 0.043301 0.044424
0 0.379289 0.500000 0.072304 0.055147
0 0.364175 0.732537 0.081291 0.075368
42 0.558824 0.417279 0.091503 0.045343
38 0.723652 0.476869 0.243873 0.208027
20 0.562092 0.291973 0.034314 0.019608
29 0.575776 0.345588 0.037173 0.017770
59 0.052288 0.476103 0.016340 0.003676
6 0.121119 0.428309 0.087010 0.061887
6 0.478962 0.119638 0.022467 0.025429
6 0.640319 0.119945 0.042075 0.028493
6 0.584355 0.170343 0.070670 0.034926
6 0.564951 0.195312 0.042484 0.047488
6 0.502655 0.660233 0.273284 0.104779
8 0.625817 0.699755 0.027778 0.025123
8 0.554943 0.215074 0.011846 0.008578
8 0.615605 0.182292 0.009804 0.008578
58 0.476307 0.094363 0.019608 0.023284
36 0.577614 0.680913 0.049020 0.071385
59 0.886846 0.654105 0.017157 0.004902
