10 0.179126 0.282935 0.163807 0.145527
10 0.411969 0.178309 0.168709 0.105392
10 0.694649 0.267923 0.165441 0.146140
50 0.192198 0.246324 0.064134 0.024510
50 0.476307 0.187347 0.026144 0.025429
50 0.730801 0.245404 0.057190 0.030025
33 0.038603 0.679994 0.076389 0.077512
30 0.092729 0.560662 0.184641 0.188725
16 0.439134 0.556373 0.118464 0.101103
58 0.351511 0.874234 0.053513 0.059743
20 0.750047 0.752298 0.179618 0.079350
36 0.257489 0.648065 0.120915 0.039216
36 0.570933 0.718393 0.133578 0.073836
36 0.323996 0.577943 0.079248 0.037684
5 1.012624 0.982405 0.155229 0.047794
58 0.673008 0.701600 0.025327 0.008885
58 0.058804 0.676988 0.027778 0.013787
36 0.599060 0.751225 0.417892 0.643382
6 0.584637 0.613518 0.453431 0.248162
49 0.470588 0.684130 0.044118 0.172181
29 0.457516 0.804994 0.013889 0.057904
8 0.468137 0.505055 0.039216 0.027267
21 0.709967 0.510110 0.091503 0.057598
29 0.551675 0.287990 0.015114 0.008578
59 0.299837 0.105086 0.019608 0.005515
59 0.156863 0.180760 0.011438 0.008578
57 0.690564 0.418811 0.189134 0.110907
36 0.399306 0.584712 0.047794 0.113664
5 0.609681 0.382353 0.073121 0.030025
5 0.359069 0.259498 0.023693 0.018382
36 0.726716 0.264093 0.057190 0.025123
16 0.259191 0.336550 0.112337 0.053002
55 0.230801 0.301317 0.010621 0.029718
6 0.412377 0.339308 0.109069 0.203738
6 0.616422 0.740809 0.119281 0.174632
8 0.371528 0.434743 0.027369 0.013480
36 0.471609 0.366575 0.081291 0.066483
51 0.436683 0.678615 0.105392 0.136642
