18 0.292279 0.372702 0.583742 0.465380
14 0.422386 0.192402 0.410948 0.205882
36 0.222222 0.671262 0.114379 0.181985
36 0.253472 0.316483 0.091095 0.085172
36 0.570466 0.062653 0.321487 0.125919
57 0.276144 0.361826 0.552288 0.724265
17 0.290645 1.123775 0.579657 0.202819
17 0.369997 0.581150 0.739995 1.162301
12 0.693832 0.721354 0.564951 0.701287
21 0.720588 0.468750 0.787582 0.584559
27 0.948938 0.571232 0.332516 0.371017
55 0.991217 0.656097 0.341095 0.274203
36 0.780842 0.542433 0.507761 0.564032
8 0.712992 0.664216 0.443219 0.326593
32 0.447508 0.930453 0.172794 0.163603
14 0.413399 0.441176 0.474673 0.341912
14 0.632966 0.538450 0.307598 0.220282
55 0.537582 0.501379 0.180556 0.156556
5 0.525531 0.484681 0.207925 0.085172
20 0.743260 0.553309 0.190768 0.099265
49 1.386029 0.542126 0.060458 0.014400
9 0.370915 0.129289 0.066176 0.034926
12 0.632761 0.441176 0.156046 0.182598
59 0.472835 0.297947 0.027369 0.016238
9 0.258578 0.855699 0.030229 0.020221
9 0.445261 0.190257 0.022059 0.021446
58 0.291667 0.597886 0.041667 0.015012
58 0.685049 0.783241 0.079248 0.043199
4 0.588235 0.443015 0.247549 0.140319
7 0.490605 0.482537 0.055556 0.038603
38 0.197508 0.249081 0.394199 0.248775
0 0.254289 0.447304 0.031454 0.019608
58 0.179739 0.508732 0.024510 0.016850
5 0.157067 0.412990 0.246324 0.081495
5 0.031863 0.363664 0.063725 0.035539
7 0.053309 0.373315 0.024101 0.019914
5 0.026144 0.605852 0.051471 0.259498
45 0.064747 0.625306 0.065768 0.140931
8 0.377451 0.630821 0.017157 0.012868
27 0.086397 0.539369 0.081291 0.053615
29 0.039011 0.155178 0.078023 0.047488
