54 0.273750 0.665844 0.547500 0.877741
8 0.721000 0.621985 0.145500 0.241776
6 0.607125 0.754934 0.107250 0.133772
31 0.261875 0.796327 0.034500 0.066338
58 0.782250 0.945724 0.015500 0.046053
36 0.633000 0.979989 0.026000 0.033443
59 0.325375 0.904605 0.045250 0.052632
55 0.235375 0.765899 0.229750 0.748904
27 0.182500 0.653783 0.344000 0.580592
21 0.194375 0.782621 0.368250 0.836075
36 0.379000 0.350055 0.111000 0.167215
21 0.866750 0.734649 0.344500 0.751096
27 0.885250 0.643640 0.307000 0.566886
55 0.913000 0.561952 0.251500 0.343202
36 0.710750 1.447368 0.084000 0.273026
36 0.464000 1.634320 0.294500 0.150219
36 0.046875 0.956963 0.093750 0.241776
39 0.453500 0.803180 0.184500 0.660088
27 0.380125 1.140625 0.759750 1.680373
7 0.399875 1.267818 0.082250 0.188596
39 0.459125 0.823739 0.105250 0.131031
57 0.509875 0.896930 0.035750 0.071272
57 0.511000 0.799068 0.057000 0.104715
58 0.575750 0.774397 0.025000 0.034539
0 0.207875 0.657072 0.141250 0.266996
5 0.463000 0.838816 0.055500 0.361842
7 0.464000 0.681195 0.018500 0.046601
0 0.300375 0.939693 0.142250 0.309211
29 0.538500 1.140899 0.050000 0.151316
5 0.379625 0.783443 0.129250 0.169956
