5 0.513706 0.422250 0.026316 0.015500
5 0.527138 0.424875 0.022478 0.010750
59 0.020011 0.869875 0.038925 0.007750
57 0.620066 0.416250 0.442982 0.123500
5 0.927632 0.484375 0.319079 0.125750
7 0.793586 0.534500 0.048794 0.025500
36 1.191612 0.917250 0.186952 0.134500
57 1.308662 0.533125 0.033991 0.012750
55 0.195998 0.536500 0.167215 0.105000
55 1.858553 0.426000 0.406798 0.028500
29 1.005208 0.321125 0.793311 0.501750
8 0.811129 0.569125 0.251645 0.113750
36 0.412993 0.247400 0.206689 0.121000
36 0.367763 0.378150 0.178728 0.102000
12 0.668586 0.256125 0.126645 0.071750
59 0.831689 0.222750 0.033991 0.012500
59 0.560307 0.188500 0.008772 0.011000
59 0.517544 0.210000 0.030702 0.013000
59 1.245066 0.144750 0.018640 0.008500
59 1.250548 0.178750 0.007675 0.006500
51 0.908717 0.404250 0.080592 0.065500
17 0.468476 0.529625 0.393092 0.259250
6 0.917489 0.144875 0.091557 0.033250
58 0.615132 0.439000 0.032895 0.006000
36 0.564693 0.504000 0.322368 0.156500
14 0.571546 0.511625 0.279057 0.131250
5 0.648849 0.508750 0.049890 0.021000
6 0.520285 0.649750 0.064693 0.047000
6 0.445175 0.642375 0.069079 0.040750
39 0.382675 0.945625 0.050439 0.026750
