5 0.270221 0.479575 0.153186 0.152778
7 0.200368 0.414420 0.013480 0.020833
58 0.105239 0.445057 0.006434 0.017565
5 0.888174 0.602941 0.024510 0.023693
17 0.174173 0.546977 0.191483 0.341503
17 0.172947 0.486315 0.094056 0.029003
17 0.410692 0.543709 0.284620 0.238562
17 0.421415 0.471201 0.220895 0.090278
17 0.190564 0.751838 0.259191 0.296977
36 0.424632 0.802900 0.807598 0.944036
36 0.766544 0.340686 0.200368 0.097222
36 0.873621 1.052492 0.083640 0.155637
39 0.556219 0.250000 0.049939 0.093954
39 0.885263 0.285948 0.055453 0.129085
21 0.403339 0.360090 0.703738 0.714461
27 0.671109 0.360498 0.168811 0.713644
55 0.780484 0.436683 0.657169 0.310458
59 1.206801 0.508374 0.075980 0.108252
36 0.477482 0.649101 0.799939 0.515523
29 0.863817 0.921569 0.023591 0.032680
29 0.842984 0.920752 0.019301 0.027778
29 0.288450 1.014297 0.030944 0.040850
29 0.223652 1.079657 0.031250 0.042484
29 0.242800 1.118668 0.033395 0.044526
34 0.314338 0.578431 0.262255 0.320261
29 0.779871 1.281454 0.012561 0.019608
58 0.124540 0.606618 0.045037 0.030229
27 0.486520 0.608047 0.131127 0.147467
45 0.645374 0.701593 0.149816 0.204657
36 0.647978 0.681781 0.153799 0.166667
58 0.507812 0.639910 0.147978 0.171977
29 0.225643 0.647467 0.127757 0.104575
29 0.227941 0.492647 0.018382 0.013072
29 0.614124 0.687908 0.074449 0.069444
37 0.526042 0.473856 0.160539 0.197712
58 0.616268 0.027165 0.083027 0.053513
59 0.918505 0.138480 0.040441 0.022059
5 0.257047 0.797998 0.186887 0.296160
5 1.223192 0.612337 0.099571 0.054739
7 1.265778 0.612337 0.014400 0.026961
7 1.104626 0.469771 0.017463 0.018791
6 0.501838 0.479779 0.079044 0.133578
59 0.398591 0.352941 0.012868 0.015523
58 0.016850 0.181373 0.023284 0.080882
36 0.522672 0.559232 0.123775 0.058007
