10 0.320057 0.231005 0.097631 0.082721
10 0.540033 0.243413 0.116830 0.081189
50 0.324142 0.238511 0.033088 0.034620
50 0.551675 0.222426 0.026552 0.030025
36 0.416667 0.569087 0.224673 0.249694
36 0.714461 0.825214 0.043301 0.024203
39 0.616830 0.790748 0.049020 0.027574
20 0.774029 0.867126 0.162640 0.150429
7 0.563113 0.762714 0.168709 0.133272
5 0.579530 0.692832 0.364788 0.688186
4 0.471405 0.678768 0.293301 0.260110
7 0.620711 0.829657 0.080474 0.062500
21 0.689951 0.729013 0.127451 0.102022
12 0.448529 0.643995 0.117647 0.117647
59 0.335376 0.809130 0.008987 0.014093
33 0.159926 0.480699 0.183415 0.104167
29 0.578431 0.442096 0.062092 0.042279
46 0.654412 0.352175 0.187092 0.122243
21 0.364379 0.443781 0.081699 0.070772
16 0.189338 0.223805 0.105801 0.045037
5 0.150735 0.362132 0.040850 0.008578
5 0.715482 0.365043 0.064951 0.016850
39 1.004493 0.360754 0.022876 0.008885
58 1.050449 0.364583 0.020016 0.004902
36 0.471814 0.437040 0.083333 0.064645
