38 0.661184 0.392750 0.667763 0.281500
21 0.658169 0.423750 0.127741 0.047500
59 0.760691 0.419125 0.035636 0.006750
9 1.073191 0.989375 0.035636 0.016250
59 1.239035 0.613875 0.031798 0.008750
58 0.254386 0.328125 0.095395 0.027250
58 0.493695 0.409250 0.045504 0.016500
16 0.924538 0.753827 0.195724 0.095250
55 0.822094 0.720964 0.059759 0.006500
59 0.536837 0.836589 0.058114 0.012750
59 0.875052 0.877941 0.042763 0.017000
40 0.800713 0.496125 0.972039 0.482750
29 1.132127 0.420500 1.453947 0.441000
6 0.760417 0.840125 0.496711 0.146750
18 0.697094 0.307875 0.179276 0.079750
36 0.663651 0.318750 0.056469 0.034500
7 0.586623 0.552625 0.091009 0.038750
50 0.675713 0.553750 0.053180 0.028000
59 0.640351 0.067750 0.039474 0.007500
21 1.034814 0.311000 0.240680 0.088000
14 0.253289 0.460625 0.164474 0.061750
6 0.678180 0.361125 0.242325 0.046250
16 0.027961 0.293125 0.054825 0.034750
59 0.548794 0.182250 0.031798 0.005500
14 0.573465 0.471125 0.150219 0.050750
55 0.647752 0.686625 0.203399 0.078250
