14 0.345792 0.285999 0.078840 0.045037
20 0.216708 1.034007 0.202206 0.150123
39 0.757557 0.398591 0.096814 0.106005
21 0.758987 0.639400 0.094771 0.096814
55 0.770016 0.615196 0.026961 0.114583
55 1.008987 0.785539 0.121732 0.046569
27 0.962827 0.800092 0.105392 0.075674
21 0.962214 0.805453 0.106618 0.086397
59 0.966095 0.741268 0.007353 0.019914
59 0.971814 0.446078 0.026961 0.009804
27 0.765931 0.607843 0.080065 0.033701
59 0.913603 0.149510 0.019199 0.008578
36 0.881944 0.431066 0.991830 0.749387
58 0.899714 0.466452 0.482435 0.209252
29 0.699551 0.326746 0.248775 0.154718
12 0.452410 0.502757 0.087827 0.028799
51 0.587623 0.550551 0.362337 0.096814
51 0.279412 0.399510 0.247549 0.099877
10 0.502042 0.492647 0.132353 0.113971
5 0.285131 0.225337 0.136438 0.112439
59 0.463235 0.946385 0.024510 0.017770
59 0.207516 0.627451 0.006536 0.013480
59 0.212010 0.615809 0.020425 0.011029
59 0.213235 0.652267 0.006536 0.010417
59 0.205882 0.652574 0.008170 0.012255
59 0.012663 0.775429 0.022059 0.012868
59 0.062092 0.455882 0.011438 0.012255
59 0.062092 0.426777 0.006536 0.012868
59 0.052696 0.392770 0.012255 0.009804
59 0.062092 0.416360 0.004902 0.009191
59 0.438725 0.132047 0.006536 0.009191
59 0.460376 0.121324 0.010621 0.007353
59 0.489788 0.235600 0.022059 0.006740
59 0.754493 0.439032 0.008987 0.011642
59 0.799020 0.818934 0.021242 0.016544
59 0.029412 0.534007 0.019608 0.006740
59 0.275735 0.575061 0.004085 0.012868
57 0.564542 0.348499 0.083333 0.034620
58 1.005719 0.313113 0.017974 0.015931
36 0.367443 0.613971 0.277369 0.069240
36 0.601716 0.466912 0.057190 0.090686
