11 0.247345 0.351103 0.270833 0.259191
0 0.859681 0.406556 0.128676 0.043505
36 0.600490 0.676011 0.459967 0.352022
58 1.151961 0.249387 0.162582 0.109681
39 1.172998 0.205423 0.039624 0.016850
39 1.142770 0.226409 0.074755 0.025735
39 1.049428 0.267463 0.049837 0.036152
36 1.009191 0.295803 0.083742 0.073836
39 0.822712 0.480239 0.061275 0.041360
39 0.796773 0.566483 0.080474 0.080270
39 0.739583 0.532629 0.136846 0.067708
39 0.815564 0.537684 0.091095 0.042279
39 0.579044 0.581801 0.118056 0.082721
39 0.547794 0.491422 0.107026 0.055760
36 0.538603 0.441942 0.085376 0.074449
36 0.411765 0.494026 0.190359 0.127145
36 0.286969 0.757812 0.150735 0.106924
36 0.288399 0.684130 0.101307 0.060662
36 0.381740 0.824602 0.091912 0.086091
36 0.648693 0.856924 0.166667 0.112132
36 0.644812 0.737745 0.232435 0.196078
36 0.688113 0.610294 0.057598 0.076593
36 0.774101 0.654718 0.071078 0.063725
58 0.645833 0.558211 0.054739 0.043505
42 0.490196 0.837623 0.145425 0.112745
42 0.489175 0.801930 0.133578 0.068321
39 0.662786 0.961244 0.146650 0.073836
39 0.534926 0.753983 0.089461 0.082108
39 0.593342 0.741115 0.099265 0.094363
39 0.435662 0.727788 0.141748 0.074449
39 0.217933 0.856924 0.079657 0.070466
36 0.306985 0.960325 0.084559 0.045037
39 0.353350 0.988511 0.080065 0.075061
39 0.524714 0.920650 0.190768 0.121324
4 0.236520 0.630362 0.072712 0.086703
39 0.328840 0.587010 0.102124 0.036152
39 0.312296 0.400582 0.059232 0.027267
39 0.212418 1.130208 0.046569 0.036152
39 0.635417 0.763021 0.052696 0.057292
39 0.447100 0.651961 0.036356 0.027574
39 0.401144 0.690411 0.032680 0.034007
39 0.363358 0.728248 0.034722 0.033701
39 0.662173 0.570772 1.069444 0.489583
33 0.560253 0.734681 0.599265 0.372549
49 0.327002 0.265012 0.070670 0.202206
29 0.681985 0.453891 0.072304 0.047488
7 0.408701 0.568474 0.074755 0.069547
36 0.432394 0.634344 0.216912 0.173713
19 0.622141 0.333640 0.579248 0.221201
45 0.510212 0.214614 0.147059 0.070772
5 0.249387 0.275123 0.039624 0.059436
59 0.379902 0.002604 0.010621 0.005208
58 0.282067 0.230086 0.010212 0.020221
39 0.477124 0.422335 0.073529 0.049326
59 0.494485 0.388174 0.015931 0.017770
59 0.535743 0.334406 0.019199 0.013787
59 0.584763 0.184589 0.018382 0.017463
31 0.428105 0.485294 0.066176 0.094363
58 0.207516 0.727022 0.034314 0.032475
