22 0.372549 0.560662 0.185662 0.241422
59 0.371170 0.344567 0.036458 0.034722
36 0.435202 0.750204 0.382047 0.904820
36 0.434190 0.978350 0.174780 0.262255
44 0.628064 0.827614 0.900123 0.892974
36 0.444700 0.940972 0.320772 0.601716
46 0.644148 0.650327 0.347120 0.356209
29 0.370558 0.418505 0.025429 0.046977
59 1.036612 0.310253 0.011949 0.032271
58 0.832567 0.290033 0.021752 0.015523
58 0.579963 0.320466 0.015319 0.026552
29 0.979013 0.637868 0.022365 0.023284
58 0.009191 0.386234 0.018382 0.015114
29 0.313725 0.347222 0.064951 0.023693
33 0.060355 0.691585 0.120711 0.155229
51 0.580116 0.654616 0.073836 0.226716
21 0.481924 0.633987 0.040441 0.075163
58 0.663909 0.359681 0.020833 0.021650
44 0.470129 0.447304 0.051164 0.046569
7 0.362745 0.529412 0.007966 0.008170
58 0.405944 0.520016 0.021446 0.017974
58 0.279105 0.342729 0.012868 0.016340
58 0.266085 0.270629 0.015625 0.005310
39 0.452819 0.662582 0.042279 0.052288
36 0.635570 0.485294 0.059130 0.034314
36 0.259498 0.940359 0.033088 0.029412
17 0.175705 0.440768 0.065257 0.026961
29 0.224265 0.489992 0.009191 0.009395
29 0.147059 0.488971 0.006127 0.006536
12 0.412224 0.478350 0.059130 0.072712
21 0.482996 0.576185 0.058517 0.082108
