34 0.656250 0.330875 0.196272 0.099250
59 0.097588 0.213000 0.032895 0.018000
5 0.280154 0.228875 0.185307 0.039750
59 0.617050 0.262875 0.013706 0.002750
59 0.565789 0.341375 0.016447 0.002750
36 0.716831 0.530250 0.817434 0.184500
21 0.538925 0.197375 0.353070 0.175750
36 1.009046 0.483000 0.114583 0.049000
36 0.999452 0.547750 0.116228 0.082000
18 0.785088 0.397000 0.402412 0.200000
40 1.235471 0.897375 0.461075 0.273750
59 1.194353 0.357250 0.115680 0.170500
59 0.802906 0.802750 0.321820 0.119500
29 0.746436 0.278500 0.238487 0.111500
39 0.831414 0.543875 0.279057 0.144750
55 0.176535 0.636500 0.349781 0.101500
57 0.644737 0.288750 0.067982 0.025500
57 0.869243 0.240000 0.065241 0.020500
36 1.212993 0.182625 0.234101 0.104250
36 1.138980 0.218125 0.166118 0.200250
58 0.122533 0.284125 0.033443 0.016750
45 0.781524 0.371875 0.247259 0.113750
5 0.802906 0.197875 0.112390 0.025250
5 0.438322 0.071250 0.038925 0.018000
39 0.998629 0.097500 0.091557 0.029500
7 1.289748 0.404750 0.016996 0.016000
7 0.871985 0.385625 0.025768 0.013250
21 1.059211 0.390875 0.116228 0.039250
21 0.480263 0.398875 0.108553 0.060750
21 0.596491 0.413500 0.100877 0.052000
5 1.059485 0.356625 0.175987 0.040750
40 0.944353 0.381000 0.146382 0.085500
55 0.292489 0.376375 0.065241 0.030750
27 0.248904 0.396250 0.053728 0.024000
59 1.181469 0.586750 0.027412 0.008500
12 0.529879 0.551625 0.179276 0.097750
29 0.413377 0.510000 0.065789 0.027000
0 0.543586 0.473625 0.045504 0.017750
31 0.151316 0.401125 0.086623 0.038750
