59 0.671569 0.491115 0.012255 0.013480
36 0.581699 0.786458 0.148693 0.132966
36 0.321691 0.878676 0.069036 0.047794
36 0.621936 0.575980 0.061683 0.053922
36 0.564338 0.598346 0.119690 0.058211
12 0.629196 0.708180 0.135066 0.125306
7 0.663194 0.514093 0.214461 0.184436
58 0.988766 1.532629 0.034722 0.129596
55 0.557598 0.584406 0.142974 0.640012
36 0.555351 0.703431 0.399918 0.648284
55 0.477124 0.698989 0.169935 0.377757
31 0.498366 0.703570 0.157680 0.097733
59 0.747802 1.027406 0.025327 0.018076
12 0.666871 0.577206 0.060866 0.063113
50 0.658088 0.594210 0.015523 0.009498
51 0.412377 0.325214 0.106618 0.124694
20 0.355801 0.709865 0.108660 0.076593
20 0.676879 0.441789 0.193627 0.086397
58 0.918301 0.927543 0.019608 0.026042
0 0.742647 0.478401 0.168301 0.106311
0 0.753472 0.339308 0.087010 0.032782
34 0.803513 0.243413 0.542484 0.235600
5 0.534109 0.270833 0.145833 0.091299
36 0.660948 0.650735 0.062908 0.150735
