6 0.488358 0.240043 0.280637 0.089154
39 0.243056 0.279871 0.276961 0.127757
6 0.861520 0.236979 0.038399 0.074449
59 1.204453 0.391085 0.015931 0.011949
59 1.469363 0.372396 0.022876 0.009498
59 0.546160 0.513787 0.026144 0.006740
59 0.578840 0.378217 0.024510 0.005821
59 0.264910 0.507812 0.022467 0.007047
59 1.457108 0.356924 0.014706 0.012868
4 1.285743 0.569147 1.052696 0.373070
5 0.677900 0.867647 0.205474 0.184436
29 0.380923 1.069393 0.089461 0.068934
55 0.950572 0.401518 0.722222 0.093790
12 0.551471 0.628370 0.142974 0.074142
4 0.700572 0.948223 0.230392 0.075980
14 0.709967 0.504596 0.120098 0.139706
50 0.612337 0.645833 0.009804 0.010417
57 0.386234 0.089614 0.040441 0.035846
57 0.353350 0.279105 0.072712 0.037377
39 0.212827 0.331955 0.142157 0.109375
39 0.264706 0.421262 0.189542 0.125000
21 0.478962 0.412837 0.347631 0.326287
27 0.483660 0.291207 0.371732 0.212929
55 0.449346 0.235294 0.124183 0.272672
29 0.697100 0.411305 0.087827 0.066483
36 0.583129 0.446078 0.171977 0.125613
5 0.444649 0.311581 0.329657 0.364583
57 0.570057 0.283395 0.160539 0.067402
57 0.383783 0.364583 0.015931 0.006740
33 0.105188 0.634038 0.210376 0.203125
58 1.164828 0.044884 0.030637 0.010723
6 0.715074 0.235294 0.082108 0.047794
6 0.857230 0.353401 0.091912 0.087316
9 0.701797 0.318627 0.017157 0.011029
9 0.721201 0.348499 0.023284 0.021140
9 1.004698 0.364124 0.055964 0.043199
9 1.184232 0.420343 0.045752 0.022672
9 0.983660 0.284467 0.015523 0.009498
9 0.848652 0.281710 0.011029 0.008272
9 0.806373 0.208027 0.020425 0.031863
9 0.763276 0.285233 0.020833 0.008578
9 0.784314 0.338235 0.025327 0.010417
9 0.896855 0.345895 0.023284 0.014706
9 0.733047 0.396752 0.018382 0.019608
9 0.652982 0.474265 0.069036 0.017157
9 0.476511 0.479779 0.020016 0.014093
9 0.839052 0.456342 0.026144 0.046875
9 0.900735 0.418811 0.069444 0.037990
9 0.813725 0.512408 0.026961 0.013174
9 0.802492 0.394148 0.055964 0.018689
9 0.891136 0.451287 0.012663 0.015931
9 0.946691 0.420037 0.029003 0.033088
9 0.959355 0.469363 0.021650 0.007966
9 0.923815 0.470895 0.020016 0.014093
9 0.918301 0.481464 0.009804 0.020527
9 0.945057 0.490656 0.014297 0.010723
9 0.698938 0.440257 0.015523 0.009191
9 0.860907 0.464154 0.019199 0.016544
9 0.669730 0.621017 0.022467 0.011029
9 0.892157 0.468903 0.015523 0.008272
9 0.910131 0.469669 0.005719 0.010417
9 0.830678 0.546109 0.023284 0.007659
9 0.888072 0.482843 0.014706 0.009804
9 0.816381 0.407935 0.010212 0.005208
9 0.785539 0.461091 0.008987 0.007966
9 0.860498 0.553922 0.017565 0.008578
9 0.993873 0.576287 0.008987 0.015319
9 1.107639 0.600643 0.008578 0.011949
9 0.870507 0.266238 0.013072 0.007353
9 0.870711 0.477482 0.015931 0.005821
9 0.856005 0.484988 0.006944 0.009804
9 0.864379 0.531403 0.008987 0.012561
9 0.877859 0.540288 0.009804 0.007659
9 0.893587 0.334865 0.017565 0.007966
9 0.912582 0.367800 0.009804 0.005821
9 0.421977 0.350031 0.035948 0.011336
9 0.920956 0.662531 0.024918 0.006434
9 1.121119 0.551624 0.018382 0.011949
9 0.839461 0.276501 0.011438 0.003983
9 1.195670 0.189338 0.013072 0.011029
9 1.211806 0.191176 0.017565 0.011029
9 1.208742 0.178462 0.028595 0.014400
9 1.232435 0.174479 0.015523 0.006434
9 0.796977 0.721967 0.026961 0.007659
59 0.984069 0.009804 0.025327 0.007966
36 0.494281 0.671569 0.111928 0.089461
