36 0.588848 0.463542 0.078023 0.089461
42 0.377655 0.352788 0.078840 0.057292
12 0.494690 0.467678 0.017974 0.011336
12 0.521242 0.470588 0.019608 0.007966
6 0.140727 0.785999 0.052696 0.011949
5 0.190972 0.779871 0.038807 0.029105
58 0.381536 0.974571 0.037582 0.040441
57 0.422386 0.660539 0.156046 0.177083
57 0.431781 0.575368 0.462418 0.358456
59 0.476920 0.455882 0.008578 0.014093
59 0.694649 0.642616 0.038807 0.006434
59 0.154208 0.384651 0.020833 0.008272
59 0.583129 0.337010 0.136029 0.054534
7 0.784109 0.408548 0.094363 0.066483
52 0.924428 0.218137 0.106209 0.040441
55 0.171977 0.578738 0.343137 0.422794
49 0.467933 0.649357 0.046977 0.206801
21 0.460580 0.842218 0.517565 0.482230
39 0.447508 0.439185 0.059232 0.025429
14 0.132353 0.716605 0.151144 0.093137
49 0.415645 0.200214 0.316585 0.132659
5 1.318832 0.789369 0.524101 0.321385
58 1.218342 0.557292 0.028186 0.028186
6 0.311683 0.456648 0.049020 0.045037
58 0.303309 0.267463 0.022467 0.007966
5 0.554534 0.274816 0.043709 0.011029
21 0.515727 0.319853 0.042892 0.018995
5 1.207925 0.353401 0.030229 0.018076
7 1.198121 0.359988 0.007353 0.005515
5 1.179534 0.427237 0.068219 0.017463
58 0.607435 0.442708 0.042484 0.027574
36 0.645425 0.694087 0.199346 0.110600
58 0.728962 0.641850 0.050245 0.042279
58 0.065155 0.637255 0.029820 0.023284
58 0.427900 0.286458 0.033905 0.005515
14 0.603962 0.574449 0.195670 0.103554
36 0.451797 0.754749 0.117647 0.081189
21 0.585580 0.512102 0.061683 0.050551
21 0.467729 0.480392 0.065359 0.042892
12 0.405229 0.485141 0.035131 0.029105
12 0.427696 0.511029 0.085784 0.026961
12 0.502451 0.497396 0.085784 0.032169
12 0.500408 0.479626 0.075980 0.026654
50 0.466095 0.514400 0.008987 0.004289
29 0.503268 0.515625 0.088235 0.049020
29 0.433007 0.484069 0.026961 0.034926
58 0.555556 0.479320 0.034314 0.005821
58 0.136846 0.797181 0.027778 0.014706
58 0.952002 0.467218 0.095997 0.045956
14 0.728962 0.490196 0.049428 0.025735
0 0.743464 0.488971 0.015523 0.012868
20 0.517157 0.588235 0.101307 0.072917
5 0.624387 0.510110 0.200572 0.066789
6 0.780025 0.485294 0.199755 0.136029
58 0.532475 0.470129 0.064134 0.030331
58 0.382353 0.255821 0.023693 0.004902
12 0.966912 0.270680 0.030229 0.013174
59 0.831699 0.573989 0.025327 0.008885
59 0.822712 0.585325 0.026961 0.005821
31 0.596444 0.885862 0.194444 0.074449
