5 0.249500 1.422971 0.099000 0.082785
7 0.296500 1.404879 0.005000 0.033443
16 0.393113 1.359271 0.069250 0.121162
58 0.596238 0.489583 0.104500 0.154605
55 0.363720 1.409775 0.006750 0.046053
47 0.574214 2.091413 0.063000 0.165022
58 0.309018 2.510743 0.063250 0.041118
58 0.600667 2.576507 0.020500 0.020285
59 0.726500 2.268914 0.019000 0.026864
59 0.619250 1.696820 0.015000 0.037281
59 0.266000 1.995066 0.018500 0.019737
59 0.637000 1.486568 0.017000 0.024671
59 0.584750 1.390077 0.009500 0.035636
59 0.020125 2.124452 0.010250 0.041667
36 0.371250 1.572368 0.362500 1.138158
55 0.495125 1.634046 0.254250 0.109101
59 0.354375 0.127193 0.051250 0.059211
29 0.408000 1.000822 0.151500 0.944627
29 0.518375 0.698191 0.390250 0.311952
9 0.302750 1.594024 0.274000 0.567434
9 0.157125 1.273026 0.042750 0.094298
9 0.176625 1.340461 0.028750 0.039474
9 0.240875 1.575110 0.042250 0.097588
9 0.172750 1.579496 0.033000 0.024123
9 0.215750 1.574287 0.021000 0.056469
9 0.250750 2.055647 0.043500 0.098136
9 0.278125 2.006853 0.022250 0.079496
9 0.257000 2.003289 0.018000 0.049342
9 0.559250 1.541393 0.047000 0.162829
9 0.579750 1.529605 0.020000 0.123904
9 0.578000 1.422697 0.021500 0.086623
9 0.574500 1.445724 0.009000 0.044956
9 0.558125 1.421875 0.022750 0.078399
9 0.553500 1.398026 0.025000 0.091009
9 0.520750 1.339912 0.050500 0.174342
9 0.519375 1.460252 0.045750 0.064145
9 0.504500 1.508224 0.020500 0.055921
9 0.525250 1.502467 0.018000 0.027961
9 0.474125 1.432840 0.043250 0.181469
9 0.483625 1.251645 0.018750 0.052632
9 0.476500 1.320998 0.014000 0.068531
9 0.461250 1.294956 0.013000 0.060307
9 0.461625 1.268092 0.016250 0.039474
9 0.447500 1.483553 0.014500 0.074561
9 0.148625 0.885691 0.052750 0.099232
18 0.475250 0.552083 0.076000 0.141447
4 0.424500 0.787281 0.065500 0.066886
54 0.263500 1.091831 0.106500 0.172697
39 0.436000 0.959704 0.066500 0.081689
29 0.334875 0.859375 0.009750 0.010417
29 0.346125 0.894189 0.008750 0.016447
29 0.398250 0.890625 0.033000 0.015899
29 0.394750 0.875822 0.010000 0.009320
29 0.386250 0.788103 0.020500 0.052083
14 0.501750 0.467379 0.078500 0.308662
5 0.421000 0.747259 0.117000 0.116228
5 0.456500 0.859923 0.128000 0.124452
7 0.368125 0.727248 0.010250 0.047697
7 0.397125 0.815515 0.009750 0.034539
42 0.504625 0.688871 0.050250 0.134320
39 0.527625 0.863761 0.022250 0.066338
58 0.336625 0.681469 0.019750 0.058114
36 0.124500 0.341009 0.075500 0.152412
51 0.005000 0.367873 0.010000 0.018640
12 0.205375 0.621985 0.082250 0.127741
12 0.309625 0.797971 0.078250 0.193531
6 0.125250 0.485471 0.073500 0.340461
6 0.222875 0.356634 0.057750 0.324013
8 0.105125 0.343476 0.033250 0.055373
