42 0.673520 0.410375 0.287829 0.121250
29 1.078947 0.214625 0.085526 0.062250
39 0.977796 0.561000 0.307566 0.135000
39 0.795230 0.396250 0.604715 0.198000
36 1.088542 0.030750 0.639803 0.061500
39 0.663651 0.482250 0.807566 0.870500
12 0.815789 0.523375 0.652412 0.631250
58 0.955592 0.610875 0.321272 0.344750
33 0.368695 0.265750 0.081689 0.046000
6 0.753838 0.371125 0.115132 0.094750
6 1.174890 0.274875 0.101974 0.067750
6 0.711075 0.110750 0.145833 0.029000
58 0.409265 0.519750 0.054276 0.024000
58 0.947368 0.307500 0.026316 0.028000
58 0.117599 0.752250 0.027961 0.032500
36 0.725055 0.638750 0.036732 0.014000
59 0.444627 0.169500 0.020833 0.003000
59 0.896382 0.110000 0.009868 0.009000
21 0.452303 0.305000 0.128289 0.055500
59 0.540022 0.260250 0.014254 0.007500
36 0.615680 0.626875 0.163377 0.083250
12 1.284539 0.283750 0.044956 0.022500
36 1.544134 0.245750 0.104715 0.024500
5 0.558388 0.363250 0.145285 0.055000
48 0.359649 0.504851 0.271930 0.092250
39 0.853344 0.243125 0.094846 0.042250
