4 0.708538 0.299173 0.169526 0.316483
5 0.302288 0.300705 0.131536 0.282169
6 0.171364 0.217371 0.170343 0.434130
16 0.568832 0.322304 0.150735 0.270221
16 0.424632 0.318015 0.144199 0.263480
7 0.728145 0.155944 0.086193 0.030025
7 0.572917 0.220741 0.063317 0.035233
7 0.425654 0.213848 0.059641 0.037990
7 0.286969 0.174479 0.075572 0.029718
8 0.121119 0.016085 0.069036 0.031556
58 0.080474 0.542433 0.041667 0.034620
9 0.512663 0.604013 0.064542 0.036458
9 0.466503 0.632353 0.026961 0.011029
36 0.359273 0.496170 0.140931 0.048100
36 0.546569 0.474418 0.027778 0.029718
12 0.515931 0.702665 0.447712 0.203738
50 0.716708 0.676930 0.044526 0.048100
29 0.634395 0.582414 0.218137 0.085784
51 0.858252 0.736520 0.050654 0.049632
16 0.525940 0.755055 0.292075 0.475797
5 0.175739 0.062929 0.211747 0.126665
36 0.191862 0.110126 0.122534 0.069383
21 0.718546 0.699295 0.419935 0.534620
58 0.495302 0.663450 0.160539 0.116115
12 0.548407 0.508119 0.089461 0.085478
50 0.513072 0.542279 0.015523 0.012868
58 0.764910 0.502298 0.027369 0.063419
59 0.086601 0.870404 0.017974 0.021446
59 0.146242 0.352022 0.009804 0.012868
59 0.163399 0.420037 0.011438 0.010417
59 0.150735 0.152880 0.015523 0.003064
59 0.173203 0.168199 0.006536 0.009191
59 0.158905 0.187806 0.010621 0.004289
59 0.185049 0.222120 0.007353 0.010417
59 0.123775 0.304228 0.013889 0.007966
59 0.265523 0.216605 0.019608 0.006740
59 0.252859 0.144914 0.015523 0.006740
59 0.321487 0.125613 0.012255 0.006127
59 0.380719 0.098346 0.017974 0.003064
59 0.332108 0.079350 0.010621 0.003064
59 0.365196 0.048713 0.013072 0.005515
59 0.379902 0.089461 0.014706 0.006127
59 0.365605 0.064032 0.013889 0.006740
59 0.379902 0.049632 0.011438 0.004902
59 0.491830 0.149816 0.009804 0.010417
59 0.473448 0.125306 0.013889 0.006740
59 0.475490 0.104779 0.013072 0.006127
59 0.545752 0.136029 0.011438 0.008578
59 0.607026 0.196385 0.011438 0.009191
59 0.658497 0.558824 0.017974 0.018382
59 0.781046 0.511029 0.013072 0.013480
59 0.577614 0.564032 0.019608 0.011642
59 0.691993 0.524510 0.013072 0.012255
59 0.691176 0.575980 0.011438 0.007353
59 0.572304 0.125613 0.004085 0.008578
59 0.569853 0.137255 0.012255 0.006127
59 0.489788 0.130515 0.008987 0.007353
59 0.034722 0.257966 0.015523 0.004902
59 0.154003 0.429841 0.013889 0.015319
59 0.108252 0.204044 0.007353 0.006127
59 0.197304 0.261949 0.010621 0.004289
36 0.428105 0.575674 0.165033 0.061275
5 0.380515 0.332567 0.042075 0.071998
45 0.450980 0.439338 0.250817 0.187500
20 0.503881 0.597120 0.082108 0.052696
8 0.585989 0.616728 0.017565 0.014706
33 0.647672 0.642923 0.072304 0.169424
58 0.231413 0.599571 0.042892 0.023897
57 0.286356 0.634191 0.031863 0.012868
5 0.838936 0.569408 0.247549 0.055453
7 0.720024 0.572012 0.012255 0.018995
29 0.074346 0.614737 0.058824 0.022978
55 0.611520 0.640319 0.281863 0.219363
