36 0.266125 0.876371 0.376750 0.953399
25 0.298375 0.793586 0.264250 0.560855
21 0.125125 1.179825 0.029750 0.058114
8 0.172250 1.338816 0.008500 0.015351
2 0.406375 2.133224 0.062750 0.118421
58 0.208250 1.257950 0.019000 0.079496
58 0.371250 2.053454 0.024500 0.086075
58 0.259000 1.802357 0.036500 0.034539
5 0.354500 1.256305 0.308500 1.474232
32 0.320125 1.177632 0.342250 0.550439
7 0.399375 2.104167 0.058750 0.095395
5 0.419000 1.459978 0.188000 1.387061
58 0.725000 0.455592 0.051500 0.195175
58 0.559875 0.871985 0.101250 0.123355
12 0.567000 0.844024 0.770500 0.787829
50 0.188750 0.798794 0.014500 0.167763
4 0.453250 1.200658 0.091000 0.239035
7 0.418250 1.297971 0.021500 0.042215
10 0.320875 1.437500 0.041750 0.114035
50 0.335875 1.462445 0.013250 0.031250
42 0.467875 0.671601 0.139750 0.246711
29 0.521250 0.760417 0.195500 0.321272
59 0.215000 0.807566 0.006000 0.012061
7 0.139625 0.928728 0.104750 0.177632
57 0.298750 1.072643 0.055500 0.112390
36 0.321500 1.126919 0.111000 0.208882
20 0.342375 0.713816 0.059250 0.131579
58 0.322875 1.423246 0.026250 0.043860
33 0.299375 1.305921 0.113250 0.262061
5 0.610000 0.484375 0.091000 0.128838
36 0.921625 0.407895 0.048250 0.043860
6 0.393750 0.673794 0.058000 0.148026
