5 0.295650 0.371324 0.347426 0.407680
7 0.439338 0.210376 0.060049 0.085784
36 0.051777 0.136029 0.103554 0.271242
45 0.074602 0.215891 0.149203 0.130310
36 0.253064 0.354575 0.083333 0.124183
14 0.494332 0.553717 0.442708 0.537173
36 0.399816 0.623775 0.253676 0.397876
12 0.381587 1.188113 0.638174 0.697304
57 0.155790 0.699346 0.082414 0.138889
14 0.718903 0.507149 0.041360 0.073938
57 1.024050 0.602737 0.246017 0.259395
29 0.823529 1.016544 0.521446 0.270016
7 0.454350 0.551062 0.072304 0.054739
5 0.528646 0.826185 0.243566 0.605801
55 0.545650 0.365605 0.108456 0.087418
8 0.035692 0.265319 0.021752 0.023284
8 0.058058 0.195874 0.018076 0.019199
36 0.570312 0.746732 0.147365 0.177288
0 0.338695 0.734681 0.079350 0.180147
20 0.567555 0.616217 0.043199 0.091095
49 0.729473 0.796160 0.056985 0.014706
38 0.071844 0.018995 0.143689 0.037990
5 0.677543 0.454657 0.043811 0.020425
59 0.803156 0.478350 0.010723 0.004902
29 0.220588 0.523693 0.012868 0.006536
29 0.626838 0.473243 0.007353 0.006127
59 0.753830 0.541871 0.012561 0.009395
58 0.921415 0.556577 0.008885 0.007761
33 0.732537 0.433619 0.008578 0.015114
33 0.454197 0.413399 0.019301 0.020425
58 0.468137 0.425449 0.020221 0.011029
59 0.244945 0.425858 0.016850 0.027369
59 0.135876 0.507149 0.010723 0.005310
29 0.057445 0.438930 0.015012 0.016748
59 0.620098 0.535335 0.009191 0.007761
58 0.813113 0.565972 0.017770 0.011029
47 0.864890 0.465686 0.036152 0.017157
58 0.855239 0.429330 0.035846 0.017157
58 0.921569 0.464257 0.011642 0.007761
58 0.920190 0.507557 0.023591 0.011029
58 0.685815 0.426062 0.015012 0.007353
9 0.523744 0.474673 0.008272 0.006536
58 0.487592 0.435866 0.010723 0.007353
16 0.204504 0.594363 0.056066 0.072712
55 0.179381 0.616422 0.017463 0.007353
59 0.247702 0.580882 0.043811 0.063725
59 0.579197 0.905433 0.034007 0.011846
59 0.611060 0.856005 0.017463 0.019199
59 0.565411 0.768178 0.016238 0.009395
36 0.641544 0.762868 0.010417 0.024918
58 0.580116 0.863154 0.064032 0.071078
59 0.901501 0.825368 0.013174 0.029820
59 0.558364 0.682598 0.005208 0.016340
59 0.236520 0.735498 0.015319 0.015931
59 0.933058 0.993464 0.016238 0.011438
