11 0.333129 0.344822 0.130310 0.257659
33 0.465686 0.287837 0.323529 0.238051
31 0.512868 0.117647 0.229167 0.099877
13 0.427288 0.108456 0.011438 0.044730
36 0.584763 0.725643 0.084559 0.081801
29 0.428922 1.049786 0.022876 0.044424
0 0.536356 0.909620 0.291667 0.251225
58 0.400940 0.500306 0.139297 0.092525
36 0.886234 0.541054 0.060049 0.075368
5 0.241830 0.742034 0.290033 0.088848
39 0.640319 0.174786 0.045343 0.048713
39 0.745098 0.211857 0.042484 0.035233
7 1.132761 0.707108 0.024510 0.025123
39 0.100899 0.109681 0.092320 0.057598
39 0.130106 0.066789 0.068219 0.030637
22 0.151552 0.397518 0.301471 0.266850
22 0.239379 0.519761 0.369281 0.252757
6 0.576389 0.292892 0.626634 0.317402
27 0.735090 0.351103 0.203023 0.266544
27 0.612132 0.503983 0.261846 0.169730
21 1.014297 0.364890 0.441993 0.322917
20 0.988766 0.677083 0.493056 0.324755
12 0.584559 0.964308 0.478758 0.325674
45 0.612541 0.506893 0.262663 0.174939
58 0.353962 0.486366 0.183415 0.135110
56 0.702410 0.378064 0.339461 0.087010
14 0.566993 0.580116 0.179739 0.167586
55 0.751225 0.569853 0.295752 0.740196
21 0.505106 0.617494 0.099265 0.068321
21 0.588235 0.465839 0.080882 0.079963
29 0.593546 0.794118 0.047386 0.045956
33 0.394812 0.501379 0.119690 0.059130
29 0.615605 0.547181 0.202614 0.080882
42 0.514910 0.537531 0.149918 0.087316
17 0.876225 0.303615 0.135621 0.094363
17 0.596609 0.400429 0.238971 0.338235
17 0.371324 0.279565 0.281863 0.180453
10 0.264297 0.215533 0.044935 0.025429
39 0.292279 0.217218 0.015931 0.015931
36 0.428922 0.422028 0.089869 0.043199
58 0.426675 0.640625 0.029003 0.049632
