58 0.479013 0.336533 0.048100 0.041258
27 0.330576 0.902982 0.100490 0.287173
20 0.501685 0.889093 0.265625 0.311683
21 0.435968 0.808824 0.252451 0.319444
14 0.906863 0.687704 0.456495 0.397467
29 0.218903 1.069853 0.046875 0.059641
57 0.391544 1.006536 0.223652 0.353758
57 0.642923 0.932394 0.202512 0.323938
39 0.405944 0.869485 0.459559 0.500408
59 0.054381 1.612949 0.107537 0.051062
59 0.149050 1.634395 0.086091 0.024510
59 0.268842 1.494690 0.056679 0.049020
39 0.167126 0.259191 0.020527 0.032271
36 0.399969 1.499387 0.178615 0.167075
52 0.606158 1.184028 0.463542 0.782271
55 0.401042 0.872753 0.186887 0.012663
33 0.282322 0.995915 0.064645 0.051471
59 0.301471 0.871324 0.012255 0.044935
59 0.325980 0.848856 0.035539 0.014706
59 0.363358 0.841095 0.022059 0.035131
59 0.415135 0.934232 0.023897 0.031863
59 0.051777 1.256127 0.030025 0.031863
59 0.063725 0.334559 0.019608 0.041667
36 0.239277 0.661765 0.213235 0.250000
5 0.477941 0.446895 0.026348 0.096405
21 0.316483 0.642974 0.047181 0.082516
15 0.488358 0.674428 0.169730 0.178922
29 0.932292 0.752247 0.015931 0.022467
59 0.072763 0.581087 0.016238 0.008578
58 0.165441 0.560662 0.056373 0.026552
57 0.719516 0.501021 0.265625 0.094363
32 0.654871 0.565564 0.374081 0.185866
59 0.438879 0.379289 0.018689 0.013480
