6 0.330474 0.322610 0.176471 0.072917
36 1.076797 0.429534 0.098856 0.079657
17 0.467116 0.188266 0.462010 0.241115
57 1.088031 0.338388 0.332108 0.440257
45 0.866422 0.385723 0.459967 0.247549
16 0.792211 0.348696 0.360294 0.434086
55 0.638004 0.548823 0.027369 0.031556
55 0.419662 1.119150 0.665850 0.306606
31 0.767770 0.464154 0.755310 0.753064
9 0.485907 0.588082 0.335376 0.371324
9 0.358456 0.706648 0.047794 0.055453
9 0.551675 0.782016 0.113154 0.050858
59 0.095792 0.317708 0.029003 0.034926
42 0.540237 0.525429 0.192402 0.146446
29 0.453023 0.412990 0.106209 0.120711
12 0.551062 0.549632 0.095588 0.101716
50 0.573734 0.592678 0.016748 0.011949
5 0.216708 0.276961 0.140931 0.036765
5 0.612055 0.228444 0.093546 0.032782
59 0.220997 0.957721 0.025327 0.024510
33 0.533701 0.399050 0.125408 0.029718
7 0.654412 0.235141 0.008987 0.011949
58 0.678309 0.765165 0.025735 0.022365
40 0.551879 0.758732 0.191176 0.076900
