15 0.483004 0.311875 0.932018 0.526750
36 1.336075 0.121500 0.095395 0.035000
16 0.775219 0.598375 0.276316 0.201750
55 0.786732 0.490750 0.047149 0.027000
55 0.490753 0.309000 0.577486 0.113000
21 0.676284 0.864125 0.558037 0.192750
6 1.246711 0.388250 2.060307 0.260500
39 0.785362 0.587875 0.308662 0.224750
36 0.741776 0.251625 0.108553 0.074750
36 0.619792 0.238375 0.102522 0.029750
8 0.428728 0.339887 0.085526 0.038750
39 0.978070 0.329000 0.283991 0.055000
55 1.023575 0.442125 0.205044 0.169250
5 0.610197 0.370375 0.252193 0.103750
58 0.591283 0.485000 0.052083 0.174000
29 0.265351 0.706125 0.051535 0.076250
58 0.288377 0.790375 0.088816 0.050750
58 0.945450 0.802375 0.048794 0.026750
59 0.291118 0.380250 0.058114 0.024500
36 1.094298 0.258625 0.174342 0.062750
29 0.967928 0.423750 0.043311 0.034000
36 0.742215 0.286275 0.085526 0.073250
42 1.167654 0.353175 0.209430 0.083250
5 0.604715 0.576875 0.372807 0.119750
7 0.766996 0.622625 0.051535 0.027750
33 0.044408 0.851625 0.085526 0.042250
51 0.158443 0.879125 0.110746 0.055250
