12 0.284926 0.371324 0.076389 0.098039
17 0.425654 0.520987 0.141340 0.058517
36 0.561275 0.780025 0.240196 0.073529
58 0.776552 0.572151 0.075980 0.037071
39 0.583742 0.875306 0.191176 0.096201
39 0.528799 0.780944 0.081291 0.050245
39 0.891544 1.359069 0.027369 0.044118
39 0.397467 0.768076 0.033497 0.017157
51 0.643791 0.786305 0.830882 0.426164
7 0.584355 0.695312 0.183415 0.135110
59 0.040645 0.105086 0.033905 0.017770
12 0.329248 0.289675 0.095588 0.084865
46 0.489583 0.480699 0.146650 0.122549
36 0.351307 0.501379 0.072712 0.069547
33 0.859681 0.740502 0.082925 0.106005
59 0.299020 0.312806 0.019608 0.010417
20 0.507149 0.524663 0.073121 0.091605
58 0.416667 0.569087 0.057190 0.043199
59 0.406863 0.540135 0.011438 0.016544
59 0.415850 0.521140 0.016340 0.017770
59 0.436275 0.518382 0.024510 0.011029
59 0.436275 0.492034 0.006536 0.017157
59 0.459150 0.508578 0.013072 0.009804
59 0.456291 0.471507 0.015523 0.017770
59 0.465686 0.496630 0.009804 0.010417
59 0.464461 0.495404 0.015523 0.007966
59 0.462010 0.489277 0.022059 0.007966
59 0.445670 0.490809 0.005719 0.023284
59 0.408497 0.553615 0.014706 0.007966
59 0.415441 0.556679 0.015523 0.009191
59 0.438725 0.554228 0.011438 0.004289
59 0.174020 0.605699 0.006536 0.007966
59 0.572304 0.066789 0.005719 0.011029
21 0.143995 0.261183 0.185866 0.176164
5 0.527778 0.332721 0.066993 0.107230
7 0.546160 0.284161 0.022876 0.009498
36 0.408633 0.760234 0.103758 0.078738
36 0.648216 0.568620 0.044526 0.030331
