27 0.234273 0.307445 0.425245 0.320772
28 0.699959 0.484681 0.244690 0.181985
15 0.955065 0.258119 0.419935 0.225184
15 0.688725 0.178309 0.410948 0.322917
36 0.421160 0.534007 0.203431 0.038603
40 0.592729 0.736060 0.117647 0.134498
36 0.562092 0.799326 0.273693 0.186275
36 0.513889 0.785846 1.026961 0.976716
39 0.581495 0.590227 0.280637 0.298713
12 0.873366 0.539062 0.226307 0.217218
55 0.984681 0.474877 0.189134 0.018995
50 0.886438 0.475031 0.037582 0.026042
29 1.127042 0.366422 0.048203 0.045956
36 0.391136 0.536152 0.239788 0.082108
59 0.486520 0.218137 0.015523 0.012255
29 0.679534 0.414062 0.082108 0.042586
29 0.752859 0.497396 0.787582 0.116728
5 0.480188 0.475337 0.082925 0.092218
5 0.414420 0.502757 0.060866 0.093750
7 0.458742 0.508578 0.039216 0.025735
40 0.296160 0.501685 0.235294 0.214767
40 0.530842 0.244792 0.121324 0.049632
5 0.959150 0.277420 0.045752 0.022978
7 0.940768 0.285539 0.008987 0.007353
58 0.015319 0.247243 0.029820 0.011642
9 0.601920 0.227022 0.042075 0.051471
9 0.428513 0.217218 0.016340 0.010417
9 0.640114 0.155944 0.013072 0.011642
9 0.324346 0.329657 0.010621 0.016544
9 0.376430 0.321691 0.010212 0.010417
9 0.479779 0.347120 0.013480 0.014093
9 0.514502 0.377604 0.016748 0.037684
9 0.488154 0.369179 0.008987 0.006127
9 0.484681 0.253830 0.019199 0.007047
9 0.565564 0.326287 0.014297 0.007353
9 0.566993 0.344363 0.009804 0.007353
9 0.428105 0.482537 0.020425 0.013480
9 0.426062 0.430300 0.011438 0.013174
9 0.467525 0.491728 0.025735 0.018382
9 0.451593 0.738817 0.090278 0.100184
9 0.631740 0.706648 0.102533 0.088542
9 0.420752 0.780637 0.028595 0.019608
9 0.443423 0.783548 0.029003 0.016850
9 0.518791 0.626532 0.014706 0.008578
9 0.582108 0.626379 0.014706 0.013787
9 0.329453 0.589920 0.010212 0.011949
9 0.550654 0.934130 0.022876 0.026348
9 0.582312 0.434283 0.005310 0.011336
9 0.393791 0.075674 0.009804 0.013480
9 0.504902 0.362439 0.010621 0.012255
58 0.107230 0.321385 0.027369 0.017770
59 0.625408 0.567862 0.010621 0.018689
9 0.131127 0.200980 0.016340 0.017157
59 0.936683 0.025276 0.017157 0.017463
33 0.315768 0.159773 0.084967 0.038297
21 0.392974 0.476869 0.105392 0.100184
