10 0.456904 0.247243 0.154820 0.153186
10 0.277778 0.244332 0.151961 0.163297
10 0.350082 0.156863 0.120915 0.147672
50 0.296773 0.209559 0.055964 0.027574
50 0.339665 0.101409 0.041258 0.023284
14 0.295956 0.034620 0.033905 0.015319
14 0.938930 0.341146 0.038399 0.043199
59 0.398080 0.087469 0.005310 0.007047
59 0.903799 0.336703 0.005310 0.006127
59 1.248366 0.537990 0.019608 0.013480
30 1.054126 0.615196 0.220180 0.083333
58 0.544322 0.529718 0.193219 0.273897
58 0.732843 0.530331 0.149510 0.257353
58 0.527982 0.855545 0.131127 0.317096
58 0.723448 0.856618 0.128268 0.237132
58 0.913807 0.880974 0.241013 0.330576
12 0.617245 0.729822 0.232843 0.465074
5 0.613358 0.665441 0.419526 0.380515
7 0.456904 0.823989 0.106618 0.065257
0 0.503472 0.910386 0.108252 0.106311
20 0.515931 0.662071 0.121732 0.088848
5 0.505310 0.518382 0.062092 0.098039
58 0.737132 0.219822 0.016748 0.006434
51 0.342729 0.561581 0.032680 0.013480
48 0.646855 0.619332 0.132761 0.134498
33 0.242443 0.255515 0.227533 0.150735
11 0.038603 0.424786 0.076389 0.028493
5 0.406658 0.343597 0.091912 0.043811
5 0.713440 0.253983 0.106618 0.075980
42 0.746324 0.060815 0.060458 0.024203
39 0.901552 0.112439 0.031863 0.028799
42 0.968137 0.134038 0.035948 0.029105
58 0.725899 0.085018 0.035948 0.015625
58 0.792892 0.094516 0.023693 0.043199
29 0.341708 0.107077 0.011846 0.007047
58 0.311479 0.124540 0.017565 0.005821
29 0.429943 0.086550 0.005310 0.004596
29 0.334150 0.327972 0.010621 0.010110
21 0.585989 0.664062 0.069853 0.041973
59 0.437092 0.691176 0.008170 0.013480
6 0.532689 0.512364 0.216095 0.297488
8 0.621654 0.374847 0.036765 0.021752
7 0.591299 0.581189 0.034722 0.025735
