5 0.240962 0.540850 0.046875 0.080882
5 0.477941 0.558007 0.116422 0.061275
57 0.673560 0.476307 0.536458 0.360294
17 0.673254 0.319853 0.532169 0.122549
17 0.880515 0.591503 0.041667 0.050654
5 0.447669 1.239817 0.085784 0.085376
7 0.482829 1.260738 0.015319 0.041667
39 0.811479 0.118464 0.024510 0.075980
59 0.824295 0.302696 0.017463 0.016340
58 0.741575 0.120915 0.058517 0.035131
29 0.577206 0.658701 0.070466 0.073121
58 0.704963 0.668913 0.421569 0.393382
39 0.662377 0.519812 0.782475 0.550245
22 0.708640 0.949551 0.066789 0.103350
22 0.628830 0.960172 0.085478 0.086193
12 0.230392 1.133987 0.112132 0.080065
12 0.376072 0.176471 0.049939 0.069444
50 0.393076 0.200980 0.011029 0.012255
12 0.397825 0.039420 0.030331 0.069853
12 0.429994 0.039216 0.033395 0.040033
58 0.569393 0.195670 0.025429 0.023693
4 0.367953 0.648489 0.146446 0.355801
7 0.339461 0.483456 0.038603 0.026552
7 0.448836 0.466299 0.021446 0.026552
21 0.335631 0.814134 0.057904 0.098856
33 0.314951 1.048407 0.047794 0.076389
58 0.397978 0.788399 0.025735 0.048203
21 0.319240 0.729371 0.068627 0.072304
39 1.103401 1.034314 0.049326 0.109477
58 0.050551 0.818423 0.013480 0.020016
33 0.472886 0.530842 0.021140 0.026552
20 0.532629 0.406454 0.063419 0.052288
43 0.635876 0.518382 0.046875 0.071078
31 0.445159 0.717320 0.025735 0.035131
36 0.375000 0.741217 0.044730 0.029820
