12 0.365809 0.320006 0.185866 0.200674
16 0.375000 0.501991 0.044118 0.042586
55 0.389910 0.523284 0.004493 0.006740
59 0.663194 0.611826 0.021650 0.006740
29 0.565564 0.577512 0.026552 0.023284
48 0.499164 0.631155 0.123056 0.085116
20 0.610090 1.062347 0.109886 0.086091
59 0.079861 0.019148 0.024918 0.014400
29 0.321283 0.986213 0.027369 0.020221
12 0.587827 0.654565 0.850490 0.431066
50 0.210784 0.723805 0.099673 0.076900
36 0.410743 0.746936 0.309232 0.207721
27 0.239379 0.349112 0.128268 0.097733
12 0.075368 0.435355 0.115605 0.079657
12 0.349469 0.481005 0.091095 0.116422
12 0.651348 0.692096 0.154003 0.115196
12 1.008374 0.531863 0.138480 0.096814
12 1.217116 0.469363 0.154003 0.086397
29 0.447917 0.642616 0.150735 0.089154
6 0.548815 0.176777 0.071487 0.210172
6 0.404412 0.617647 0.037582 0.087010
6 0.375817 0.592984 0.035948 0.085478
21 0.497141 0.602635 0.218137 0.100490
5 0.469363 0.496936 0.085784 0.093750
29 0.473243 0.490502 0.080065 0.039828
59 0.620711 0.179841 0.011846 0.012868
59 0.195261 0.102175 0.017157 0.008885
59 0.989379 0.920343 0.009804 0.018995
8 0.468750 0.862286 0.091095 0.073223
31 0.718137 0.213082 0.145425 0.130208
36 0.790237 0.025582 0.069853 0.048100
36 0.159109 0.971201 0.104167 0.050858
