12 0.144812 0.488205 0.111520 0.083640
12 0.305351 0.299020 0.092729 0.071078
5 0.214869 0.365502 0.051471 0.049632
53 0.577410 0.503983 0.097631 0.017157
7 1.338440 0.599605 0.141748 0.076218
5 0.599469 1.000000 0.212010 0.069853
59 0.620302 0.820466 0.029003 0.009191
59 0.696895 0.903186 0.029412 0.010417
59 1.014706 0.661152 0.026961 0.008578
59 0.780433 0.685968 0.013480 0.014706
59 0.313113 1.039982 0.037990 0.008272
59 0.617851 1.323683 0.025735 0.018689
59 1.161969 0.595895 0.014297 0.011642
59 1.169935 0.327359 0.013889 0.006434
59 1.155433 0.386949 0.019199 0.006127
59 0.959150 0.393995 0.016340 0.006127
59 0.973448 0.410233 0.013889 0.006740
59 0.506944 0.501225 0.021242 0.004289
59 0.541462 0.477482 0.020833 0.007659
59 0.771855 0.470895 0.020833 0.008578
59 0.725490 0.452206 0.013072 0.012255
59 0.591299 0.467371 0.006944 0.010110
59 0.307190 0.548407 0.018791 0.007966
59 0.066993 0.729013 0.017157 0.012561
59 0.146446 0.765625 0.013480 0.009804
59 0.454044 1.047028 0.022467 0.013174
59 0.614175 1.169884 0.024101 0.019301
58 0.888480 0.588082 0.013889 0.008272
59 0.278595 0.870251 0.016340 0.012561
59 0.051675 0.693015 0.006944 0.011642
36 0.863543 0.508615 0.392157 0.332414
12 0.663399 0.818321 0.329248 0.315564
50 0.114788 0.019455 0.013072 0.011336
50 0.494690 0.276808 0.008987 0.008885
50 0.308211 0.297947 0.010212 0.010723
50 0.254902 0.304841 0.013889 0.006127
50 0.447304 0.587163 0.011438 0.008272
29 0.359069 0.598039 0.035131 0.019608
58 0.272876 0.153493 0.011438 0.015931
29 0.078023 0.095129 0.042484 0.020527
59 0.258783 0.216299 0.013480 0.010417
59 0.540441 0.336397 0.013072 0.009191
59 0.011029 0.433670 0.016340 0.007659
59 0.493056 0.607843 0.009804 0.005515
59 0.581495 0.598346 0.014297 0.005515
59 0.333538 0.556066 0.016748 0.010417
8 0.238358 0.764093 0.109069 0.074142
8 0.327206 0.434589 0.066176 0.031556
6 0.670343 0.389093 0.245915 0.676471
6 0.513276 0.247702 0.164624 0.494792
34 0.350490 0.667433 0.357843 0.279718
10 0.661152 0.395987 0.089461 0.059743
50 0.691789 0.380515 0.029003 0.011642
0 0.562296 0.306679 0.086193 0.059436
16 0.420547 0.306679 0.162990 0.088235
55 0.496732 0.287071 0.035948 0.011029
12 0.502451 0.375000 0.054739 0.041667
58 0.574959 0.552237 0.075572 0.036458
55 0.603758 0.505055 0.122549 0.036458
59 0.253676 0.142157 0.013072 0.004289
39 0.517565 0.785999 0.370915 0.158395
