10 0.422590 0.251072 0.353350 0.324449
50 0.423407 0.145680 0.092729 0.084865
59 0.234069 0.099571 0.023693 0.006127
59 0.422794 0.090839 0.011438 0.026654
59 0.562704 0.148591 0.011846 0.023284
36 0.579657 0.164982 0.022876 0.008272
36 0.320466 0.553309 0.048611 0.043505
36 0.206291 0.879749 0.100490 0.084865
36 0.577614 1.145833 0.059641 0.049632
39 0.681577 0.756893 0.145833 0.110600
12 0.359477 0.716912 0.109477 0.065564
12 0.611315 0.626685 0.075572 0.050551
12 0.982843 0.433517 0.057190 0.047794
40 0.707312 0.611826 0.069853 0.047181
36 0.901552 0.692402 0.156046 0.063113
14 0.858864 0.797947 0.023284 0.034620
5 1.092116 0.495558 0.099265 0.080576
7 1.132761 0.530944 0.018791 0.011029
5 0.657271 0.473192 0.334967 0.543811
7 0.587418 0.261795 0.177288 0.120404
8 1.007353 0.565411 0.123366 0.091605
58 1.401348 0.803156 0.014297 0.015625
58 0.414011 0.203431 0.086193 0.049020
29 0.280229 0.352175 0.047386 0.079963
12 0.472426 0.409773 0.090278 0.037071
12 0.549224 0.405331 0.065768 0.058211
55 0.328840 0.346354 0.510621 0.064032
42 0.517565 0.497243 0.233660 0.117647
36 0.541054 0.301930 0.177696 0.174326
39 0.958742 0.574449 0.116013 0.085172
20 0.573325 0.333946 0.100899 0.054534
29 0.406454 0.912531 0.072712 0.059130
29 0.404616 0.940870 0.043709 0.024510
58 0.591503 0.700061 0.026144 0.020221
59 0.553922 0.839154 0.026144 0.014093
59 0.628676 0.788909 0.013889 0.020221
59 0.864379 0.679534 0.022876 0.014706
59 0.942402 0.659620 0.026961 0.017770
59 0.107435 0.508272 0.022059 0.016544
59 0.014297 0.488358 0.022059 0.009804
59 0.248775 0.357537 0.007353 0.017770
5 0.757353 0.351409 0.169935 0.039216
36 0.612132 0.665594 0.154820 0.076900
