57 0.492953 0.457108 0.093750 0.078431
39 0.479779 0.527165 0.196078 0.289624
29 0.903646 0.289216 0.023591 0.029412
59 0.118260 0.179534 0.026961 0.061683
59 0.036152 0.611928 0.011029 0.165850
59 0.281250 1.099469 0.034926 0.060866
29 0.895987 1.137868 0.027267 0.075572
29 0.764400 0.844158 0.007353 0.014297
29 0.564032 0.866626 0.007353 0.014297
29 0.520987 0.769199 0.025429 0.035948
29 0.420650 0.774510 0.007966 0.011438
29 0.327819 1.133783 0.010417 0.015931
29 0.163450 0.988971 0.029105 0.062908
29 0.883425 0.360498 0.014400 0.011846
58 0.491422 0.671977 0.075368 0.080882
59 0.124234 0.672386 0.019301 0.056373
59 0.221354 1.020629 0.046875 0.039624
59 0.285080 1.164011 0.031556 0.024918
29 0.848192 0.701185 0.009498 0.011846
39 0.769761 0.677288 0.466605 0.606209
7 0.785080 0.723039 0.141238 0.133170
49 0.388879 0.941912 0.323223 0.191176
31 0.699326 0.358333 0.143995 0.190359
39 0.620864 1.410172 0.085478 0.126225
5 0.438572 0.352328 0.027267 0.047794
7 0.737286 0.309436 0.007659 0.009395
0 0.357077 0.783701 0.069547 0.096814
50 0.361213 0.535948 0.017157 0.024510
12 0.319087 0.518791 0.108150 0.103758
5 0.366881 0.432394 0.045650 0.181781
55 0.199449 0.866422 0.031863 0.043301
55 0.208640 0.859477 0.030025 0.040033
40 0.263787 0.984681 0.175858 0.219363
40 0.420190 0.950776 0.171875 0.344363
36 0.417586 1.089052 0.041667 0.075980
19 0.353401 0.850286 0.407782 0.328840
16 0.334559 0.894812 0.039828 0.074755
20 0.511029 1.035948 0.035539 0.055556
59 0.263480 0.611928 0.012255 0.004902
58 0.670190 0.167892 0.048713 0.015523
5 0.612439 0.699346 0.165441 0.093137
14 0.468903 0.594363 0.044424 0.035948
59 0.280944 0.754698 0.020221 0.017565
4 0.194547 0.615196 0.064338 0.040033
58 0.284161 0.292892 0.045037 0.023693
58 0.463695 0.560662 0.034007 0.040441
59 0.401808 0.771242 0.008885 0.012255
58 0.134957 0.115400 0.016850 0.024101
6 0.407475 0.484886 0.028799 0.117647
59 0.288297 0.367647 0.004902 0.009804
59 0.297488 0.369281 0.012868 0.016340
