5 0.133578 0.490605 0.139093 0.229575
5 0.398744 0.426879 0.054841 0.182190
7 0.198683 0.597018 0.008885 0.015931
12 0.232690 0.306577 0.104473 0.165441
33 0.231924 1.055964 0.057598 0.125000
4 0.894608 0.784561 0.141544 0.114399
7 0.833180 0.806862 0.019914 0.040886
57 0.511642 0.808190 0.124387 0.036173
57 0.679534 0.825660 0.085172 0.071113
36 0.888021 0.215686 0.053615 0.172386
22 0.541667 1.206087 0.100490 0.135212
49 0.500460 1.254085 0.081801 0.115196
49 0.567862 0.979167 0.141238 0.037582
49 0.419424 0.880106 0.148897 0.139297
5 0.403186 1.024510 0.181373 0.221405
7 0.325674 0.935049 0.027574 0.042484
45 0.511336 0.986111 0.167279 0.192810
55 0.558670 0.469771 0.402267 0.284314
29 0.887408 0.845997 0.109375 0.145425
16 0.253983 1.268382 0.382353 0.309641
55 0.224112 1.335580 0.236826 0.170343
36 0.236060 1.330678 0.275429 0.204657
55 0.503064 0.907271 0.290441 0.437092
36 0.319547 0.788399 0.419118 0.297386
36 0.096814 0.584967 0.131127 0.102941
5 0.453891 0.849060 0.707414 1.631944
7 0.178462 1.579044 0.156556 0.174428
58 0.128370 0.104167 0.033088 0.017974
21 0.350337 0.137663 0.019914 0.016340
5 0.209865 0.331291 0.059436 0.033497
58 0.035692 0.077206 0.015012 0.023693
5 0.258578 0.285335 0.028186 0.029820
21 0.243873 0.285539 0.024510 0.028595
58 0.354013 0.394812 0.020527 0.024918
5 0.596201 0.388276 0.061887 0.047794
49 0.274816 0.354167 0.040441 0.007353
58 0.311428 0.065768 0.029718 0.008987
58 0.533395 0.187500 0.029412 0.018791
5 0.517004 0.384191 0.033395 0.016748
29 0.757200 0.584559 0.069547 0.058824
55 0.401195 0.606822 0.128983 0.067402
27 0.378983 0.619281 0.068015 0.083333
58 0.549173 1.320466 0.022365 0.025735
5 0.429534 0.451797 0.276961 0.246732
7 0.309130 0.552696 0.034926 0.044118
45 0.513480 0.419935 0.079044 0.075980
59 0.174326 0.162786 0.023897 0.042075
45 0.418199 0.751634 0.157475 0.237745
59 0.194087 1.323734 0.031556 0.015931
52 0.494026 0.502124 0.068934 0.354984
