10 0.265778 0.175858 0.084252 0.248775
23 0.280331 0.032680 0.068015 0.065359
50 0.252298 0.062704 0.026042 0.023284
47 0.082261 1.101920 0.070772 0.062500
58 0.026961 0.072712 0.052696 0.026144
57 0.438879 1.059641 0.154718 0.329248
42 0.638327 1.122141 0.452512 0.676471
39 0.369638 0.952206 0.437806 0.607843
55 0.347426 0.648080 0.318627 0.546977
59 0.957721 0.436683 0.069240 0.061275
4 0.603248 0.638685 1.031863 0.462010
7 1.073836 0.666462 0.091299 0.231618
33 0.333027 0.556373 0.164828 0.087418
18 0.682292 0.677696 0.097426 0.123366
36 0.737132 1.395016 0.104779 0.151961
31 0.658854 1.215891 0.110600 0.236520
29 0.443321 1.187500 0.018382 0.023693
58 0.580882 1.151144 0.020221 0.091503
12 0.396293 0.739175 0.059130 0.112337
59 0.266850 0.692402 0.014093 0.025327
59 0.433211 0.656863 0.018382 0.013072
36 0.257200 0.531250 0.092831 0.069853
12 0.498468 0.435253 0.101716 0.089461
36 0.505668 0.764502 0.472733 0.376225
5 0.173713 0.577002 0.205270 0.109886
5 0.458487 0.564747 0.375919 0.417892
5 0.239124 0.889910 0.461091 0.260212
5 0.399663 0.926471 0.273591 0.172386
5 0.564491 0.829861 0.181679 0.176062
7 0.509804 0.823121 0.071691 0.093137
5 0.039216 1.264093 0.077819 0.135212
45 0.377757 0.089052 0.022059 0.014706
39 0.516850 0.678105 0.177696 0.169118
