12 0.353145 0.373315 0.173611 0.211091
5 0.343546 0.676624 0.246324 0.171875
52 0.448734 0.847273 0.023284 0.032169
52 0.334150 0.935662 0.025327 0.020833
52 0.391340 0.969210 0.034314 0.013787
29 0.469771 0.683517 0.226307 0.097426
29 0.501838 0.748775 0.148284 0.107230
55 0.352328 0.333027 0.113154 0.151348
5 0.361724 0.909926 0.297794 0.093137
7 0.501634 0.889859 0.016340 0.035233
33 0.969363 0.567862 0.058824 0.050551
33 0.878472 0.629442 0.196487 0.074449
33 0.690768 0.627757 0.069444 0.063725
33 1.187296 0.860447 0.065768 0.046262
58 1.137255 1.538756 0.121732 0.084865
57 0.693015 0.832567 1.139297 0.353860
7 0.595160 0.893754 0.172386 0.132659
36 0.048203 0.179994 0.086601 0.027267
7 0.054739 0.214920 0.041667 0.031556
36 0.084763 0.247089 0.044526 0.034007
55 0.080065 0.296262 0.150327 0.009191
58 0.170139 0.175398 0.049428 0.016238
59 0.229984 0.268536 0.011438 0.022365
49 0.168505 0.428462 0.074755 0.087929
49 0.556781 0.345435 0.051471 0.068321
49 0.353758 0.469363 0.067810 0.064338
39 0.563113 0.435049 0.082108 0.044118
45 0.401757 0.313419 0.029003 0.029412
55 0.461193 0.331495 0.139706 0.081495
39 0.478145 0.234222 0.020833 0.020527
36 0.560458 0.265778 0.066993 0.046875
39 0.435662 0.295496 0.021650 0.025429
36 0.481618 0.369638 0.016340 0.022365
55 0.495302 0.616881 0.004493 0.018076
55 0.449959 0.618260 0.047794 0.017157
58 0.059641 0.597273 0.040850 0.017463
55 0.262868 0.264400 0.116422 0.041054
31 0.088440 0.099265 0.095180 0.073529
36 0.215482 0.196998 0.030637 0.017157
59 0.204453 0.400123 0.019199 0.008578
59 0.232026 0.397059 0.011438 0.018995
59 0.073938 0.480545 0.018791 0.016238
59 0.522672 0.531863 0.014297 0.015931
59 0.284518 0.396599 0.017565 0.016850
59 0.432394 0.266544 0.009395 0.012255
59 0.487541 0.256587 0.023284 0.011336
12 0.493260 0.602941 0.100899 0.112745
12 0.530025 0.316789 0.129493 0.067402
36 0.706087 0.281556 0.050245 0.123775
36 0.673203 0.232537 0.075163 0.069853
29 0.525735 0.269608 0.049020 0.052696
29 0.559028 0.244026 0.073121 0.056066
18 0.571078 0.509804 0.116013 0.073529
55 0.449551 0.512102 0.026552 0.051777
27 0.439747 0.541360 0.105801 0.062500
20 0.439747 0.569087 0.105801 0.117341
39 0.514910 0.590074 0.032271 0.021446
29 0.640319 0.805300 0.020833 0.010723
5 0.710376 0.421569 0.185458 0.066789
5 0.763276 0.483609 0.206291 0.064032
7 0.624796 0.410539 0.014297 0.026348
42 0.846814 0.395374 0.089052 0.067096
58 0.882557 0.491422 0.048611 0.037990
58 0.610907 0.362898 0.095997 0.071998
20 0.402369 0.634651 0.290850 0.306066
27 0.399918 0.556985 0.294935 0.149510
31 0.626634 0.740349 0.266340 0.166973
8 0.522672 0.035386 0.017565 0.014400
59 0.546977 0.097733 0.014706 0.020833
12 0.560253 0.171262 0.060866 0.085172
50 0.553717 0.203585 0.015114 0.015012
8 0.617851 0.254596 0.024101 0.016544
59 0.558211 0.340533 0.031454 0.019914
8 0.538603 0.496017 0.023284 0.016544
14 0.375204 0.762714 0.123775 0.100797
59 0.545752 0.911152 0.054739 0.034314
29 0.434028 0.654718 0.111520 0.066789
58 0.654003 0.820772 0.026144 0.023284
59 0.870507 0.048560 0.021242 0.034007
58 0.201593 0.166667 0.046160 0.023897
58 0.731618 0.776501 0.105392 0.080576
59 0.977124 0.367188 0.010621 0.029105
