42 0.261375 0.875274 0.170750 0.324013
33 0.102000 1.057018 0.203500 0.564693
59 0.259250 1.400768 0.034500 0.069079
29 0.425625 0.205318 0.029750 0.040022
51 0.310750 0.578673 0.036500 0.044408
39 0.349562 1.163158 0.273875 0.740789
21 0.394875 1.116776 0.270250 0.822368
29 0.365000 1.243695 0.212500 0.178180
33 0.155125 1.548520 0.199750 0.644189
5 0.200875 0.593202 0.122250 0.140351
5 0.078875 0.728893 0.083250 0.212171
7 0.554625 0.820175 0.026750 0.055921
57 0.354000 1.021930 0.212500 0.355263
5 0.431250 0.501645 0.131000 0.255482
59 0.625000 0.554825 0.008000 0.010965
5 0.261375 0.921053 0.011250 0.052632
5 0.287250 0.979715 0.016500 0.048246
5 0.294000 0.970669 0.018000 0.053180
5 0.422250 0.015077 0.015500 0.030154
5 0.346000 0.507401 0.023500 0.021382
5 0.356875 0.564145 0.008250 0.048246
5 0.319625 0.514529 0.009750 0.042215
4 0.229125 1.374452 0.023250 0.060307
58 0.424625 0.042489 0.012750 0.024671
58 0.394250 0.100055 0.016000 0.037829
58 0.437625 0.037829 0.019750 0.033991
29 0.404500 0.083059 0.006000 0.020285
58 0.412875 0.087719 0.010250 0.018640
58 0.423000 0.094024 0.015500 0.022478
58 0.384000 0.228070 0.007000 0.018640
58 0.405500 0.225055 0.011000 0.020285
58 0.382625 0.270011 0.008750 0.020285
58 0.366625 0.290296 0.006750 0.011513
58 0.383375 0.305921 0.005250 0.010965
58 0.372000 0.364035 0.011500 0.021930
58 0.356750 0.328673 0.005000 0.012610
58 0.340250 0.561952 0.022000 0.024123
58 0.348250 0.588542 0.019000 0.015899
58 0.354000 0.646107 0.014500 0.014803
58 0.383250 0.621985 0.003500 0.012610
58 0.496375 0.467928 0.017250 0.025768
58 0.434500 1.013706 0.012500 0.027412
58 0.353375 0.862939 0.008750 0.029605
58 0.383375 0.450110 0.006750 0.018640
58 0.238875 1.217379 0.022750 0.040022
58 0.247750 1.053454 0.005000 0.011513
58 0.288125 0.756579 0.016750 0.038377
58 0.275750 1.041667 0.026500 0.049342
58 0.293625 1.037281 0.008750 0.020833
58 0.360625 0.863487 0.008250 0.016447
58 0.353500 0.805099 0.003000 0.011513
58 0.264375 0.879386 0.007250 0.031798
29 0.188625 1.397478 0.009750 0.023026
58 0.186750 1.510417 0.016500 0.050439
58 0.251500 1.109923 0.007500 0.023575
58 0.267125 0.947643 0.010250 0.010417
58 0.312625 0.807566 0.017750 0.039474
29 0.194875 1.611294 0.017250 0.025219
58 0.138375 1.704770 0.008250 0.020285
29 0.183500 1.472588 0.009000 0.019737
58 0.252125 1.220669 0.004750 0.042215
58 0.222375 1.234923 0.006750 0.022478
58 0.200625 1.541118 0.005750 0.028509
58 0.205250 1.392544 0.019000 0.041667
58 0.202000 1.505482 0.006500 0.013158
58 0.196000 1.484649 0.004000 0.014254
58 0.282000 0.780702 0.007500 0.012061
58 0.234125 1.282895 0.019750 0.033991
58 0.230500 1.307018 0.012000 0.023026
58 0.217125 1.363487 0.004250 0.016447
58 0.223125 1.315515 0.006250 0.015899
58 0.237500 1.335252 0.018000 0.030154
58 0.195500 1.464912 0.005500 0.015351
58 0.221500 1.510143 0.006500 0.023575
58 0.198500 1.635417 0.010000 0.021930
58 0.209875 1.639529 0.009750 0.030154
58 0.171750 1.751096 0.009500 0.016447
58 0.167250 1.772478 0.008500 0.019737
20 0.396875 0.186678 0.011250 0.021382
39 0.385250 0.325110 0.021500 0.030702
36 0.442875 0.012610 0.028750 0.025219
39 0.317875 0.631305 0.015250 0.035636
39 0.332375 0.869792 0.014750 0.033443
39 0.291125 0.908443 0.018250 0.039474
36 0.306750 0.929825 0.022500 0.044956
39 0.292875 0.866228 0.020250 0.042763
39 0.242625 1.172423 0.025750 0.049890
36 0.323250 0.843202 0.017000 0.037281
12 0.481750 0.578673 0.017500 0.016996
12 0.492625 0.369243 0.007750 0.026864
12 0.538750 0.107730 0.012000 0.018092
12 0.553750 0.878015 0.012000 0.040022
27 0.265125 1.166118 0.005250 0.010965
27 0.247500 1.339364 0.006000 0.024123
55 0.294125 0.683936 0.003750 0.043311
55 0.288000 0.720121 0.005000 0.041118
55 0.222625 1.545504 0.006750 0.069079
55 0.352000 0.377467 0.007500 0.031250
7 0.219625 1.540570 0.005250 0.012061
7 0.219250 1.378289 0.004000 0.008772
7 0.213375 1.416941 0.004750 0.011513
7 0.216250 1.438322 0.004000 0.011513
7 0.179875 1.778235 0.004250 0.011513
7 0.205000 1.564419 0.004500 0.010417
7 0.208125 1.456414 0.003250 0.010417
5 0.322875 0.790844 0.110750 0.173794
4 0.550375 1.615680 0.084250 0.154605
58 0.165375 0.294956 0.106750 0.206140
59 0.257750 1.684759 0.007500 0.040570
59 0.125750 1.708882 0.022500 0.029605
12 0.164250 1.672123 0.054000 0.128289
50 0.163750 1.666366 0.012000 0.041118
21 0.575274 1.085618 0.071000 0.155154
29 0.467000 0.547149 0.040000 0.065789
58 0.581000 0.307018 0.096000 0.037281
