57 0.347426 0.431577 0.037990 0.060049
57 0.317249 0.572508 0.074449 0.076389
12 0.239430 0.469567 0.067096 0.065768
36 0.164675 0.477737 0.083640 0.111520
14 0.308058 0.454861 0.103860 0.084559
29 0.261795 0.391953 0.048713 0.040441
6 0.747396 0.362337 0.064032 0.027778
31 0.706648 0.383374 0.022978 0.032271
31 0.830882 0.452819 0.028186 0.018382
17 0.291769 0.946292 0.420956 0.458256
57 0.170292 1.076078 0.182904 0.232026
7 0.470282 0.900123 0.345588 0.437500
21 0.449712 0.985498 0.179148 0.246324
58 0.350480 0.063113 0.144117 0.125408
58 0.435263 0.011846 0.057953 0.022876
39 0.447069 0.459150 0.041702 0.058007
58 0.695440 1.566176 0.055194 0.082516
29 0.230740 1.656046 0.083710 0.124183
58 0.608456 0.812704 0.033088 0.031454
50 0.556679 0.641953 0.227941 0.278186
49 0.422794 0.672794 0.025735 0.192810
39 0.298713 0.797590 0.137868 0.326389
29 0.581955 1.276552 0.029105 0.036765
7 0.520987 0.806168 0.027880 0.035539
57 0.510570 0.635825 0.090380 0.098448
5 0.258732 0.597018 0.077512 0.114788
59 0.234375 0.613562 0.006740 0.011438
59 0.187500 0.589052 0.009804 0.017974
59 0.419730 0.737337 0.018382 0.018791
59 0.437194 0.903595 0.016544 0.013072
59 0.521140 0.912582 0.012868 0.021242
59 0.113051 0.969363 0.020221 0.022059
0 0.441023 0.565155 0.086703 0.101716
12 0.266850 0.512051 0.046569 0.123775
12 0.309436 0.500408 0.047181 0.136438
12 0.350950 0.508987 0.048713 0.144608
12 0.397365 0.534314 0.049020 0.124183
12 0.439645 0.521038 0.049020 0.139297
12 0.479933 0.502859 0.043199 0.130719
12 0.521293 0.502859 0.043199 0.145425
12 0.563572 0.528595 0.046875 0.146242
5 0.604320 0.529208 0.043199 0.194036
12 0.671569 0.556577 0.061887 0.134395
12 0.520221 0.621528 0.113971 0.060866
12 0.413143 0.620302 0.100184 0.054330
12 0.303309 0.616422 0.113971 0.060458
58 0.246017 0.597631 0.028186 0.035948
50 0.316483 0.554943 0.015931 0.019199
50 0.352328 0.573325 0.012255 0.008578
50 0.431219 0.578431 0.013174 0.008170
50 0.477788 0.553922 0.010110 0.010621
50 0.521906 0.565359 0.010723 0.006536
58 0.448376 0.337418 0.024816 0.015523
58 0.414062 0.341095 0.037684 0.022059
58 0.386795 0.352328 0.023591 0.037990
58 0.650735 0.391340 0.022672 0.035131
58 0.611673 0.906658 0.006434 0.023284
7 0.606618 0.617851 0.020221 0.015114
39 0.517463 0.675449 0.140319 0.127042
39 0.722733 0.602328 0.180147 0.082925
29 0.606924 0.619894 0.064338 0.078023
39 0.954350 0.887868 0.052083 0.040441
