37 0.511787 0.076625 0.303180 0.145750
27 0.582237 0.495250 0.232456 0.104500
39 0.561952 0.551875 0.264254 0.096250
5 0.918311 0.673000 0.210526 0.108500
7 0.833882 0.717875 0.040570 0.018250
36 1.357730 0.390000 1.286732 0.681500
36 1.096491 0.390000 1.057018 0.779500
27 0.823300 0.606200 0.291557 0.132000
58 0.879660 0.819625 0.099232 0.023250
40 0.770559 0.313500 0.302083 0.094000
36 0.683388 0.358625 0.384320 0.070750
5 0.731086 0.447125 0.215461 0.061750
5 0.723410 0.393125 0.088268 0.038750
5 0.831414 0.408125 0.071820 0.033750
12 0.804825 0.376000 0.071272 0.034500
50 0.806195 0.365125 0.022478 0.007250
45 0.752193 0.252875 0.311404 0.125250
39 0.611301 0.409375 0.277397 0.153125
14 0.587445 0.541000 0.115680 0.084000
6 0.680921 0.528250 0.128289 0.127500
