55 0.703399 0.468875 0.422149 0.049250
59 0.116776 0.396250 0.047149 0.038500
59 0.092654 0.349250 0.042763 0.024500
36 0.453125 0.408750 0.138706 0.055500
57 0.776094 0.496238 0.925047 0.384500
6 0.621950 0.490500 1.060554 0.217500
29 0.942434 0.671750 0.376096 0.148500
39 0.751234 0.577237 0.424836 0.138600
8 0.381579 0.264250 0.125000 0.054000
17 0.404879 0.458625 0.179276 0.089750
17 0.505208 0.338125 0.159539 0.063750
0 0.884594 0.452750 0.120066 0.048000
29 0.780976 0.515250 0.166118 0.058000
17 0.704221 0.426875 0.444627 0.116250
59 0.192434 0.442500 0.040570 0.009000
49 0.711075 0.424875 0.131579 0.025750
49 0.354715 0.358125 0.071272 0.051750
34 0.387061 0.310000 0.104167 0.060500
34 0.340186 0.021875 0.081689 0.039750
36 0.443257 0.422125 0.060855 0.030750
39 0.589090 0.477125 0.048794 0.019250
39 0.282621 0.300250 0.042215 0.022500
50 1.633498 0.301000 0.031250 0.015500
59 0.757127 0.395750 0.020833 0.016500
39 0.871985 0.188375 0.095943 0.039250
39 0.612390 0.201500 0.061404 0.019500
39 0.615680 0.514750 0.139254 0.044500
