4 0.316789 0.286458 0.291258 0.568015
36 0.835989 0.214154 0.055964 0.051471
58 0.620915 0.708487 0.491830 0.259498
39 0.782884 0.381740 0.610703 0.588235
31 0.352328 1.194700 0.166258 0.101409
21 0.731618 0.414982 0.219771 0.288909
55 0.727941 0.402267 0.053105 0.313113
27 0.732435 0.299326 0.222222 0.057598
33 0.426879 0.073836 0.200980 0.148284
59 0.317606 0.032935 0.043709 0.029105
14 0.146242 0.144148 0.205882 0.286458
34 0.377859 0.454810 0.343954 0.178002
7 0.580065 0.642157 0.433824 0.373162
5 0.547794 0.282322 0.518791 0.271752
33 0.534722 0.475490 0.108660 0.108456
36 0.582925 0.875153 0.266340 0.187194
39 0.442606 1.093137 0.108252 0.194853
29 0.291667 1.092371 0.195261 0.166360
42 0.389093 0.515165 0.131944 0.116115
29 0.819240 0.493107 0.087827 0.028493
27 0.366626 0.722886 0.065768 0.041973
20 0.340074 0.761489 0.109069 0.068321
14 0.398897 0.780944 0.064951 0.052083
16 1.040033 0.189645 0.337418 0.225490
14 0.611111 0.485754 0.281863 0.232537
5 0.946487 0.355239 0.214869 0.235600
5 0.581495 0.186121 0.138480 0.119792
0 0.728554 0.280637 0.064134 0.066176
0 0.604371 0.330576 0.104167 0.052083
43 0.380719 0.534467 0.066993 0.086703
36 0.255310 0.207261 0.111111 0.038297
58 0.144812 0.206495 0.029003 0.017770
31 0.449551 0.397518 0.048611 0.033395
39 0.430351 0.557138 0.109886 0.084865
29 0.754085 0.053462 0.041667 0.031556
58 0.169730 0.588082 0.050245 0.043811
