21 0.699287 0.517875 0.080592 0.041750
21 0.698191 0.440250 0.075110 0.029500
58 0.583333 0.408875 0.030702 0.010250
58 0.480811 0.449625 0.073465 0.023750
51 0.985197 0.804875 0.028509 0.027750
14 0.666118 0.429375 0.502193 0.159250
55 0.538651 0.256500 0.459978 0.351500
36 1.190241 0.406875 1.038377 0.132250
36 1.089912 0.173500 1.236842 0.346500
21 0.733279 0.628500 0.856908 0.223000
36 0.453673 1.028125 0.421601 0.022250
36 1.061952 1.003250 0.396930 0.072000
59 0.679825 0.249750 0.202851 0.080000
59 0.964912 0.751625 0.234649 0.080250
39 0.884594 0.769500 0.248355 0.161500
36 1.066886 0.237250 0.334430 0.045000
39 0.649123 0.487250 0.156798 0.054500
57 0.562774 0.334750 0.166118 0.067500
45 0.696272 0.371875 0.162281 0.077250
5 0.829770 0.333875 0.070724 0.009750
6 0.909265 0.205250 0.247259 0.123000
45 0.654331 0.620625 0.150768 0.068250
36 1.124452 0.875125 0.219298 0.056250
4 0.419956 0.384000 0.025219 0.007500
58 0.550439 0.848250 0.048246 0.021000
