21 0.550164 0.617625 0.331689 0.139750
27 0.670504 0.598250 0.167763 0.106500
12 0.644189 0.121250 0.093202 0.037000
12 1.084430 0.089875 0.080044 0.037750
38 0.625000 0.392750 0.700658 0.154000
29 0.454496 0.438875 0.216009 0.079250
58 0.591009 0.486125 0.021930 0.010750
38 0.780976 0.346875 0.116776 0.035750
58 0.742050 0.794750 0.025768 0.017000
36 0.830866 0.617875 1.042215 0.258250
27 0.435855 0.227750 0.104167 0.041500
34 0.463542 0.406875 0.202303 0.095250
40 0.452851 0.408625 0.315789 0.115750
5 1.397204 0.623250 0.136513 0.104500
40 1.692160 0.385000 0.279057 0.147500
36 1.475603 0.446250 0.166118 0.069500
36 1.911732 0.250500 0.080044 0.044000
36 2.047149 0.274250 0.098684 0.019000
36 1.967379 0.738000 0.261513 0.082500
12 0.138706 0.760250 0.128289 0.035500
8 0.339364 0.617750 0.226974 0.102500
8 0.628015 0.489750 0.228618 0.106000
8 0.836075 0.420625 0.231360 0.106250
8 1.146107 0.314000 0.238487 0.102500
8 1.300713 0.407875 0.231908 0.102750
8 1.484375 0.328750 0.233004 0.108500
8 1.575658 0.209000 0.242325 0.110000
8 1.351151 0.152625 0.237390 0.110250
8 1.832511 0.163125 0.248355 0.115750
39 0.864309 0.570000 0.276864 0.082500
6 0.674890 0.324000 0.188596 0.298500
6 1.011787 0.234250 0.234101 0.318000
31 1.019189 0.357000 0.316886 0.106500
39 0.566338 0.053125 0.063596 0.065750
59 0.605811 0.254500 0.020833 0.017000
59 0.576754 0.243500 0.021930 0.019000
59 0.582237 0.199500 0.024123 0.013000
59 0.624452 0.247750 0.029605 0.018500
59 0.620614 0.201000 0.008772 0.009000
59 0.560855 0.229250 0.007675 0.008500
59 0.909539 0.079500 0.040570 0.012000
36 0.851151 0.305625 0.059759 0.050750
5 0.891447 0.386500 0.309211 0.076500
7 1.024397 0.412250 0.043311 0.023000
21 0.676261 0.297250 0.106908 0.032000
27 0.640625 0.295000 0.035636 0.027500
59 0.439145 0.286500 0.018640 0.004000
59 0.279057 0.273750 0.018640 0.004500
59 0.164474 0.238000 0.021930 0.004000
59 1.049342 0.311750 0.010965 0.008500
33 0.610746 0.545375 0.143640 0.065750
59 0.430921 0.493375 0.028509 0.008250
58 0.876919 0.681375 0.037829 0.026250
5 0.637610 0.470375 0.169956 0.051750
5 0.523575 0.500625 0.161184 0.030750
7 0.707785 0.488125 0.032895 0.014750
14 0.460526 0.456750 0.054825 0.041000
58 0.341831 0.497250 0.081689 0.045500
58 0.110197 0.779375 0.186404 0.066250
52 0.808114 0.883000 0.067982 0.009500
58 0.735197 0.546500 0.043860 0.019000
52 0.395559 0.716000 0.080592 0.007000
57 0.586623 0.435875 0.161184 0.056250
0 0.554002 0.565750 0.021382 0.011000
