10 0.407621 0.518625 0.474232 0.213250
26 1.093750 0.413250 0.396930 0.299000
28 1.147204 0.309375 0.284539 0.091250
31 0.782346 0.158875 0.655702 0.316750
31 0.673794 0.440500 0.120614 0.061000
14 0.660910 0.437375 0.237390 0.096750
20 0.749726 0.470625 0.149123 0.061750
58 1.537007 0.314250 0.032346 0.022500
58 1.606086 0.339750 0.069627 0.011000
5 0.261239 0.039250 0.192434 0.032500
7 0.344298 0.043000 0.025219 0.012000
7 0.445175 0.447625 0.037281 0.016750
27 0.347862 0.584625 0.140899 0.078250
36 0.170779 0.491625 0.226425 0.092750
36 0.453399 0.499750 0.135965 0.049500
36 1.829221 0.108125 0.302083 0.090250
55 2.152138 0.117750 0.032346 0.085500
58 2.066886 0.179000 0.206140 0.074000
39 2.060307 0.606625 0.274123 0.114250
58 1.699836 0.519625 0.075110 0.030750
39 1.975603 0.769250 0.074013 0.020000
46 1.042763 0.611875 0.173246 0.198250
36 0.921875 0.096500 0.170504 0.040000
36 1.422423 0.435375 0.111294 0.033750
12 1.058388 0.285500 1.231908 0.315000
29 0.772204 0.493500 0.155154 0.101500
57 1.135691 0.555250 0.035636 0.021500
57 1.092105 0.527875 0.029605 0.008250
5 0.937500 0.410000 0.243421 0.116500
7 0.841009 0.457375 0.050439 0.021750
36 0.637336 0.526375 0.182566 0.039750
36 0.665296 0.327375 0.117873 0.044750
57 0.637336 0.481500 0.079496 0.055000
57 0.778783 0.493000 0.050987 0.014000
7 0.397478 0.408375 0.048246 0.021750
0 1.016721 0.467625 0.034539 0.012250
5 0.746985 0.386375 0.055373 0.010750
5 0.609649 0.543625 0.107456 0.089250
12 0.587719 0.688875 0.117325 0.096750
17 0.877193 0.095250 0.244518 0.190500
33 0.883772 0.281125 0.058114 0.018250
31 0.797697 0.268250 0.046053 0.024500
58 0.564693 0.299250 0.072368 0.026000
27 0.481634 0.396750 0.065241 0.019500
33 0.477522 0.788875 0.080044 0.106750
33 0.342105 0.575500 0.109649 0.039500
59 0.435033 0.522125 0.020285 0.006250
58 0.485197 0.525375 0.020833 0.004750
8 0.263158 0.370750 0.023026 0.007000
