10 0.588542 0.258750 0.510417 0.298000
25 0.718750 0.299500 0.211623 0.095000
36 0.674342 0.490000 0.095395 0.028000
58 0.839912 0.505500 0.053728 0.014000
58 0.533991 0.620375 0.041667 0.012750
58 0.976425 0.856250 0.044956 0.046500
58 0.968476 0.874250 0.050987 0.009000
5 1.080674 0.313012 0.791283 0.164475
59 0.188048 0.248750 0.070175 0.049000
39 0.308114 0.280000 0.349781 0.162000
39 1.181195 0.574000 0.411732 0.191500
7 1.450658 0.733625 0.065789 0.025250
5 1.884320 0.421625 0.254386 0.182750
7 0.150493 0.010125 0.055373 0.016250
58 2.240954 0.741375 0.060855 0.073750
8 0.752193 0.378125 0.583333 0.269750
8 1.710526 0.358625 0.615132 0.275250
39 0.626371 0.524375 0.076206 0.081250
36 0.962719 0.423250 0.239035 0.055000
55 0.652961 0.512250 0.077851 0.012500
7 1.238213 0.502000 0.143092 0.038000
5 0.446272 0.429750 0.114035 0.047500
5 0.916118 0.658750 0.176535 0.161000
7 0.856634 0.589750 0.042215 0.022000
59 0.304550 0.352875 0.029057 0.008250
34 0.638158 0.588750 0.248904 0.175500
12 0.367599 0.339500 0.064145 0.040000
36 0.510143 0.394125 0.155154 0.064750
58 0.839090 0.434875 0.053180 0.014750
5 0.604441 0.669000 0.293311 0.104500
7 0.736020 0.711125 0.030154 0.021250
