5 0.158854 0.633783 0.089767 0.090278
12 0.340074 0.443627 0.058211 0.087418
12 0.302696 0.643791 0.051471 0.067810
12 0.243107 0.654208 0.067708 0.042075
12 0.341605 0.357026 0.044118 0.066993
50 0.358762 0.481822 0.005515 0.011029
7 0.118413 0.597018 0.009498 0.020016
5 0.198683 0.641544 0.040135 0.021650
7 0.770396 0.767205 0.156863 0.137663
12 0.453125 1.087827 0.181985 0.383987
58 0.384804 0.066176 0.153186 0.125817
29 0.619638 1.534109 0.022978 0.047794
39 0.817096 0.459743 0.201593 0.352831
5 0.432598 0.987745 0.569240 0.742647
7 0.686121 1.320057 0.062806 0.078023
32 0.181005 0.233987 0.196691 0.198529
32 0.284865 0.666462 0.189951 0.118873
55 0.184896 0.242647 0.175551 0.165850
42 0.540135 0.489788 0.131127 0.096405
42 0.635876 0.480801 0.106924 0.095588
38 0.556066 0.449551 0.411765 0.285539
7 0.665441 0.536969 0.063113 0.049428
36 0.401961 0.656658 0.085172 0.060049
5 0.276195 0.583946 0.107537 0.185049
16 0.515165 0.541667 0.227022 0.121732
7 0.237592 0.654412 0.029718 0.042484
14 0.356005 0.870098 0.050245 0.058007
14 0.375306 0.422181 0.039828 0.031454
36 0.549786 0.274918 0.113051 0.048203
59 0.342831 0.897876 0.011642 0.017974
40 0.227635 0.396242 0.240809 0.350490
6 0.180607 0.348652 0.033395 0.040441
6 0.131740 0.297590 0.033088 0.038807
6 0.136183 0.269608 0.029105 0.054739
39 0.160692 0.330882 0.040135 0.058007
52 0.670343 0.460989 0.054534 0.122958
16 0.708180 0.275940 0.079963 0.095180
33 0.654565 0.318015 0.062806 0.040441
33 0.819393 0.112337 0.023591 0.013889
33 0.751225 0.320261 0.025735 0.024510
8 0.715227 0.169730 0.009498 0.010212
8 0.742341 0.158905 0.011029 0.008987
8 0.476716 0.130310 0.009191 0.008987
8 0.374694 0.297998 0.012255 0.010212
8 0.442862 0.301062 0.011949 0.011438
8 0.576440 0.309845 0.010723 0.011846
58 0.868873 0.020833 0.013480 0.008170
57 0.895067 0.235703 0.016238 0.036765
29 0.653186 0.677900 0.045956 0.051062
29 0.643842 0.805760 0.013787 0.036356
36 0.277420 0.463235 0.095282 0.080882
