36 0.185866 0.697304 0.049837 0.034314
59 0.307190 0.721354 0.021242 0.005208
59 0.316993 0.774663 0.012255 0.013787
59 0.188113 0.732077 0.009395 0.010723
59 0.437296 0.818474 0.027369 0.024203
59 0.422386 0.840686 0.014706 0.016544
59 0.457925 0.824295 0.025327 0.006434
59 0.502655 0.983762 0.014297 0.017770
59 0.569036 0.995404 0.012255 0.014706
59 0.514706 0.707721 0.024510 0.008578
59 0.087214 0.672488 0.022467 0.011642
51 1.217116 0.675354 0.509395 0.377729
59 0.491422 0.614277 0.049837 0.012255
20 0.719567 0.831342 0.171160 0.121017
59 0.025123 0.401042 0.049428 0.014706
55 0.930147 0.330828 0.662582 0.050330
36 0.784926 0.498487 0.068219 0.060739
36 0.873162 0.437806 0.030637 0.025123
14 0.840278 0.526042 1.207516 0.735294
12 0.453840 0.275888 0.107026 0.102022
50 0.456291 0.308517 0.021242 0.024510
58 0.057394 0.146599 0.082925 0.027880
39 0.760621 0.341146 0.088235 0.043811
36 0.457516 0.531863 0.156863 0.071691
18 0.745507 0.188113 0.148693 0.141544
18 0.513276 0.484375 0.243056 0.275735
36 0.427083 0.458333 0.078840 0.069853
42 0.614379 0.816789 0.214869 0.132966
58 0.753881 0.824295 0.039624 0.034007
59 0.527369 0.953738 0.028595 0.015319
59 0.508170 0.196998 0.019608 0.020221
39 0.558007 0.562806 0.102124 0.053309
57 0.903799 0.493107 0.136846 0.054228
6 0.442198 0.175398 0.025327 0.066483
12 0.604371 0.194087 0.046160 0.023591
40 0.460172 0.777574 0.475899 0.178309
36 0.964257 0.707414 0.067402 0.024510
