40 0.819353 0.528375 0.958882 0.540250
53 0.626096 0.210875 0.200658 0.130250
53 0.395559 0.226750 0.264803 0.183000
59 0.716557 0.174250 0.032895 0.013000
0 0.496711 0.630000 0.097588 0.014500
5 1.010965 0.706875 0.201754 0.242750
7 1.035088 0.819750 0.092105 0.016500
29 1.473410 0.895875 0.037829 0.039250
36 1.231908 0.702125 0.172149 0.024250
58 1.518366 0.691750 0.086075 0.052500
58 1.142544 0.468250 0.081140 0.062000
58 1.482456 0.664250 0.060307 0.017500
58 1.285362 0.620375 0.050987 0.013750
58 0.636502 0.208500 0.047189 0.008000
46 0.843640 0.428625 0.104803 0.023750
46 0.741267 0.752375 0.289048 0.085750
5 0.574561 0.569625 0.546053 0.753750
5 1.143914 0.492500 0.531250 0.779000
7 1.180099 0.130750 0.215461 0.055000
33 0.817160 0.702750 0.178180 0.067000
42 0.971765 0.244750 0.318531 0.134000
7 0.865132 0.330125 0.066886 0.032750
21 1.237939 0.324500 0.321272 0.084500
39 0.675439 0.345375 0.270833 0.096750
12 0.587445 0.429000 0.167215 0.044500
12 0.564693 0.640875 0.392544 0.086250
59 0.322094 0.899250 0.056469 0.030500
16 0.600877 0.268250 0.110746 0.038500
16 0.523849 0.417000 0.101425 0.055000
55 0.491228 0.386125 0.016447 0.013750
58 0.260143 0.366500 0.043311 0.013500
58 0.267818 0.473125 0.095943 0.023250
39 0.143914 0.706125 0.080592 0.021250
39 0.322643 0.940250 0.044408 0.043000
58 0.362116 0.947875 0.050987 0.039750
58 0.605537 0.300250 0.068531 0.018000
