14 0.559641 0.544271 0.076797 0.038909
59 0.526144 0.714461 0.005719 0.007353
59 0.543709 0.736673 0.005719 0.008885
59 0.561070 0.839614 0.013480 0.011336
59 0.610498 1.121477 0.035539 0.008885
59 0.580474 1.070159 0.008987 0.018995
59 0.588644 1.083793 0.012255 0.016850
59 0.593750 1.082108 0.011029 0.016544
59 0.586397 1.104473 0.013480 0.017157
59 0.606822 1.018536 0.020016 0.004596
59 0.597835 0.940717 0.011846 0.013787
59 0.594363 0.960478 0.016340 0.012255
59 0.574346 0.809896 0.016340 0.008272
58 0.483660 0.173713 0.010621 0.004902
58 0.591299 0.823529 0.034722 0.021446
4 0.477124 0.520221 0.904412 0.732230
2 0.464461 0.495711 0.174837 0.193627
7 0.450163 0.634191 0.074346 0.052083
5 1.189134 0.522212 0.106209 0.171262
7 1.219975 0.785539 0.056781 0.045956
12 0.506127 0.565411 0.346405 0.206801
50 0.586397 0.602482 0.057598 0.067708
20 0.568423 0.724112 0.229984 0.285233
27 0.738562 0.568474 0.191993 0.153493
58 0.635825 1.071538 0.057598 0.028493
9 1.056985 1.044271 0.011029 0.020527
9 1.030637 1.002911 0.014706 0.009498
9 1.054534 0.856924 0.013480 0.007353
9 0.906046 0.937653 0.013889 0.011336
9 0.588031 0.917279 0.015114 0.015931
9 0.660539 1.010570 0.022059 0.015012
9 0.643587 1.039062 0.019199 0.009498
9 0.929943 1.225337 0.015931 0.015012
9 1.031454 0.755821 0.015523 0.010417
9 0.107843 1.115043 0.012255 0.014400
9 1.089052 0.977328 0.008170 0.009191
9 0.889297 0.959865 0.013072 0.008578
9 1.173203 0.981005 0.014706 0.009191
9 1.129085 0.985754 0.008170 0.008272
5 0.756332 0.718290 0.078023 0.109375
59 0.575163 0.505515 0.004902 0.009804
29 0.371119 0.522518 0.129493 0.101409
20 0.595792 0.534314 0.095997 0.071691
27 0.566789 0.513174 0.037990 0.028799
36 0.694853 0.620251 0.158497 0.121017
36 0.301675 0.276195 0.073938 0.046262
12 0.511846 0.341605 0.062908 0.061275
12 0.176266 0.982384 0.088644 0.035233
58 0.233252 0.317555 0.054739 0.030944
58 0.113971 0.211703 0.129902 0.028799
12 0.562704 0.314951 0.031454 0.025123
12 0.909109 0.312653 0.022467 0.017463
5 0.526552 0.327359 0.038399 0.028493
5 0.570261 0.342678 0.026961 0.024816
5 0.522263 0.376685 0.083742 0.036458
16 0.478554 0.328125 0.116422 0.084559
18 0.525327 0.479013 0.125817 0.092831
55 0.602941 0.249847 0.075980 0.022365
40 0.642565 0.404105 0.158497 0.125000
40 0.795343 0.341605 0.217320 0.099877
36 0.734069 0.326287 0.151144 0.123162
10 0.833333 0.415288 0.129902 0.121017
29 0.391544 0.174786 0.037173 0.013787
6 0.387051 0.207721 0.246324 0.142770
8 0.499796 0.147059 0.022467 0.022059
6 0.655433 0.225031 0.273284 0.081189
8 0.785335 0.240502 0.014297 0.021446
27 0.477124 0.664062 0.109477 0.078738
36 0.534314 0.347580 0.055556 0.046262
36 0.403186 0.783854 0.034314 0.084865
