17 0.433211 0.646855 0.368873 0.337010
17 0.451900 0.318219 0.318627 0.358660
17 0.652267 0.461193 0.186887 0.334150
25 0.368566 0.780637 0.015931 0.019608
25 0.318321 0.775327 0.015319 0.018791
58 0.352328 0.104984 0.032475 0.028595
55 0.576746 0.323325 0.012561 0.026552
16 0.519761 0.352533 0.113664 0.102124
11 0.460938 0.612541 0.022978 0.049428
5 0.458180 0.775531 0.061581 0.043709
40 0.367341 0.621936 0.067402 0.081291
33 0.332567 1.177288 0.029105 0.050654
36 0.167433 1.184232 0.040135 0.027778
29 0.554381 0.817198 0.125306 0.127859
