14 0.234069 0.344567 0.468137 0.689134
16 0.132047 0.162582 0.232230 0.267157
14 0.296569 0.805147 0.593137 0.717320
12 0.431219 0.420956 0.187194 0.138480
10 0.544271 0.279616 0.166360 0.231618
10 0.658395 0.519812 0.183211 0.216912
13 0.611213 0.406863 0.184436 0.219771
50 0.726409 0.503472 0.047181 0.065768
4 0.520833 0.909722 0.457108 0.526961
7 0.318474 1.130923 0.053002 0.086193
36 0.132966 1.188521 0.265931 0.252042
0 0.334252 1.132761 0.215686 0.232843
0 0.596661 1.154412 0.306679 0.357843
36 0.570312 0.495098 0.083027 0.129085
