2 0.686275 0.192198 0.172794 0.279820
1 0.452665 0.217525 0.095282 0.087827
11 0.407475 0.740400 0.365196 0.470997
7 0.731311 0.822304 0.087010 0.110294
7 0.803615 0.464461 0.079657 0.075163
54 0.869332 0.677492 0.211091 0.502042
54 0.530790 0.505515 0.114890 0.185866
17 0.395987 0.692606 0.353248 0.299428
58 0.084559 0.623775 0.014093 0.013889
58 0.667279 0.802696 0.006740 0.011438
5 0.250000 0.489583 0.193015 0.237337
0 0.349571 0.736315 0.125613 0.220180
36 0.504596 0.424837 0.126838 0.055556
