12 0.276348 0.367800 0.168709 0.098346
17 0.501225 0.561121 0.486928 0.198223
59 0.205270 0.577206 0.016748 0.007353
14 0.485294 0.721661 0.281863 0.166360
39 0.710172 0.276348 0.129493 0.079044
39 0.613971 0.770987 0.128268 0.096507
38 0.721405 1.128370 0.428922 0.332108
59 0.897059 1.244026 0.026144 0.035233
34 0.820670 1.078738 0.223039 0.189338
39 0.400327 1.325674 0.084150 0.031250
59 0.187908 0.118873 0.013072 0.015931
39 0.341503 0.140625 0.030229 0.015319
58 0.910743 0.428462 0.023284 0.026654
39 0.899101 0.689032 0.015523 0.017157
36 0.573529 0.424939 0.383170 0.194240
29 0.731413 0.886336 0.506127 0.392770
36 0.342525 0.381434 0.248775 0.111520
21 0.849060 0.843137 0.769199 0.454657
59 0.729371 0.258732 0.048611 0.017463
36 0.606822 0.739737 0.194853 0.185355
58 0.655637 0.733150 0.007353 0.015931
58 0.695874 0.606005 0.052696 0.061887
46 0.619281 0.643995 0.140523 0.088848
36 0.763276 0.402880 0.256944 0.138480
36 0.419526 0.258732 0.059641 0.033395
59 0.510621 0.234069 0.014706 0.007353
55 0.559028 0.524663 0.036356 0.115502
59 0.600082 0.410539 0.020425 0.015931
59 0.095997 0.973958 0.020425 0.020221
59 0.080065 0.981311 0.013072 0.014093
59 0.069444 0.995404 0.013072 0.009191
29 0.533497 0.485600 0.039216 0.034314
58 0.548815 0.453891 0.031454 0.014400
58 0.500817 0.462316 0.018791 0.007353
58 0.562908 0.477328 0.014706 0.008578
58 0.526144 0.456801 0.015523 0.010417
58 0.590482 0.485907 0.019199 0.013480
58 0.511234 0.449295 0.032271 0.018076
20 0.446283 0.533548 0.587827 0.425551
27 0.545752 0.461397 0.386438 0.282475
4 0.608047 0.374234 0.132761 0.101409
7 0.562704 0.410233 0.041258 0.029412
59 0.531046 0.436428 0.021242 0.027880
59 0.767157 0.249081 0.020425 0.034926
59 0.776552 0.210325 0.012255 0.023591
59 0.243668 0.623621 0.047794 0.027880
59 0.208129 0.636336 0.030637 0.023897
59 0.263276 0.581342 0.056781 0.026654
59 0.179943 0.644455 0.037990 0.032169
59 0.887663 0.123775 0.021242 0.013480
36 0.543709 0.499540 0.110294 0.071385
58 0.547794 0.624847 0.098856 0.080576
