12 0.296364 0.302237 0.181781 0.109375
50 0.224265 0.301317 0.031863 0.018689
39 0.246691 0.736520 0.037990 0.032475
36 0.529616 0.446232 0.194853 0.215993
59 0.485907 1.517004 0.067402 0.046875
39 0.591708 0.765625 0.092729 0.132353
27 0.509600 0.847580 0.533088 0.344056
59 1.060866 0.423100 0.033497 0.065564
34 0.905025 0.764553 0.150735 0.157169
22 0.879756 0.581116 0.186683 0.188113
20 0.886088 0.440104 0.217320 0.138174
58 1.487171 0.216160 0.116422 0.072610
36 0.804719 0.707706 0.032680 0.096814
46 0.453431 0.600643 0.403595 0.371017
31 0.407067 0.685968 0.341095 0.178922
7 0.422181 0.295496 0.033905 0.023591
5 0.391953 0.650582 0.126225 0.174326
32 0.378472 0.687194 0.192402 0.079044
59 0.460784 0.252451 0.009804 0.024510
59 0.785948 0.333027 0.013072 0.023897
59 0.575980 0.945772 0.011438 0.022672
59 0.710784 0.909926 0.008170 0.022059
5 0.436887 0.488358 0.096814 0.047794
5 0.951797 0.517310 0.104575 0.030944
58 0.168505 0.596661 0.042892 0.018689
58 0.559845 0.610294 0.044526 0.030025
15 0.832312 0.283241 0.348448 0.266238
36 0.493260 0.647978 0.430147 0.248162
