55 0.626371 0.421375 0.097039 0.018750
36 0.402412 0.453125 0.283991 0.104250
38 0.902412 0.583375 0.747807 0.307250
33 1.411184 0.446062 1.086897 0.271375
40 0.867325 0.585750 1.682018 0.623500
33 1.661184 0.030000 0.093202 0.060000
29 0.973410 0.579625 0.087171 0.047750
55 0.399123 0.245750 0.155702 0.165500
55 0.484649 0.317000 0.131579 0.165500
59 0.066886 0.272125 0.032895 0.036250
12 0.841557 0.547750 0.143640 0.047000
58 0.704496 0.409875 0.033991 0.014250
59 0.081689 0.070750 0.018640 0.024500
7 1.395559 0.362250 0.043311 0.021500
29 0.414748 0.267875 0.212171 0.015250
5 0.534814 0.507250 0.261513 0.040500
7 0.660088 0.512625 0.012061 0.013250
0 0.897752 0.461500 0.088268 0.066000
5 1.186404 0.286000 0.077851 0.060500
7 1.183114 0.312250 0.027412 0.008500
59 1.682566 0.042250 0.016447 0.004500
59 0.113761 0.097125 0.037829 0.006250
24 0.472314 0.643875 0.141447 0.075750
0 0.504934 0.688750 0.077851 0.048500
59 0.412007 0.622500 0.029057 0.004000
59 0.608827 0.685250 0.029057 0.010500
59 0.455318 0.794750 0.035636 0.007000
36 0.425164 0.741750 0.110197 0.059000
36 0.453125 0.562750 0.014803 0.005500
8 0.367873 0.462250 0.020833 0.007500
59 0.405976 0.263125 0.011513 0.004250
59 0.406524 0.899000 0.010417 0.015500
59 0.931743 0.872500 0.021382 0.019500
59 0.772478 0.951500 0.020833 0.016500
59 0.166393 0.627500 0.027961 0.006500
58 0.329221 0.385375 0.013706 0.008750
59 0.655976 0.365125 0.014803 0.008250
58 0.869792 0.805375 0.019189 0.011750
