40 0.711703 0.345180 0.040441 0.045752
58 1.179994 0.460989 0.087929 0.105801
38 0.359988 0.407884 0.242647 0.283905
17 0.362439 1.164828 0.268382 0.332108
39 0.691636 0.495915 0.347120 0.665033
31 0.295037 1.943832 0.192402 0.171160
55 0.648897 0.260008 0.021446 0.072304
39 0.694618 0.132397 0.182292 0.216912
36 1.075087 0.031067 0.106005 0.060866
39 0.862619 0.354150 0.082414 0.063317
14 1.087344 0.831813 0.202206 0.212418
5 0.095143 0.870750 0.118260 0.450423
7 0.101425 1.076763 0.054228 0.038399
29 0.738358 1.216095 0.147672 0.309641
58 0.337546 0.819138 0.380362 0.507149
14 0.390625 1.027982 0.102328 0.161356
58 0.738511 0.831495 0.015625 0.041258
29 0.111979 0.803105 0.014400 0.014706
58 0.564338 0.880310 0.026961 0.034314
58 0.451287 0.779003 0.006127 0.020425
58 0.545956 0.856822 0.010417 0.024918
20 0.291820 0.499796 0.225797 0.444853
20 0.617494 0.404820 0.160846 0.238562
27 0.292892 0.326185 0.232843 0.267565
27 0.623928 0.248366 0.188419 0.149510
56 0.270987 0.212418 0.078125 0.424020
29 0.346048 0.678105 0.144301 0.044118
55 0.299326 0.760621 0.123775 0.092320
55 0.467065 0.486724 0.029718 0.148284
27 0.461091 0.529208 0.056373 0.055964
17 0.456955 0.457108 0.444547 0.447712
12 0.371324 0.693832 0.083333 0.113971
50 0.339308 0.662582 0.015012 0.022876
16 0.689645 0.248162 0.065564 0.078840
55 0.729167 0.977328 0.011029 0.044526
