12 0.324295 0.513072 0.255208 0.328431
40 0.098039 0.412582 0.120098 0.224673
36 1.122855 0.034722 0.074142 0.068627
58 1.046875 0.104167 0.017157 0.020425
58 0.974877 0.321487 0.041667 0.031863
58 0.572763 0.375204 0.124694 0.160539
36 0.562653 0.268587 0.018689 0.011029
36 0.467678 0.328023 0.043811 0.069444
58 0.351409 0.485907 0.127451 0.198121
58 0.614277 0.486928 0.023284 0.020425
36 0.651808 0.506944 0.015625 0.022876
36 1.167739 0.688930 0.112439 0.062500
36 0.213848 0.392770 0.264093 0.466095
59 0.330882 0.024101 0.018382 0.019608
59 0.373009 0.052900 0.005821 0.018382
59 0.410233 0.149714 0.022672 0.029820
59 0.578431 0.070670 0.009804 0.027778
59 0.469516 0.186887 0.024816 0.012663
59 0.864277 0.216708 0.031863 0.027369
59 0.687500 0.252451 0.007966 0.013889
59 0.302390 1.047181 0.026961 0.029003
51 0.280178 0.896446 0.337316 0.198938
7 0.362745 1.031454 0.023897 0.033497
29 0.480852 0.867239 0.011336 0.019608
29 0.521140 1.022672 0.018995 0.026552
58 0.154871 0.986520 0.016238 0.008170
58 0.249387 0.958742 0.016544 0.041667
58 0.268995 0.623570 0.018995 0.023284
59 0.242800 0.360907 0.025429 0.025735
58 0.844056 0.709150 0.456495 0.262255
59 0.061428 0.343750 0.121630 0.232435
58 0.546262 1.501021 0.760417 0.290441
6 0.444547 0.963031 0.197304 0.901552
21 0.352482 0.549020 0.067708 0.125817
55 0.354013 0.651961 0.017463 0.080065
27 0.353554 0.615196 0.066789 0.056373
59 0.346507 0.880719 0.011642 0.034314
59 0.391238 0.194444 0.006740 0.029412
59 0.400735 0.163807 0.017157 0.025327
59 0.279105 0.110703 0.004289 0.015523
0 0.288909 0.708742 0.020221 0.044935
18 0.256587 0.853145 0.106924 0.212010
36 0.243107 0.861111 0.044424 0.102941
29 0.332721 0.411765 0.029412 0.015523
49 0.348652 0.685049 0.025735 0.148693
49 0.416207 0.732843 0.114277 0.047386
55 0.379902 0.802083 0.073529 0.198121
58 0.321844 0.514502 0.077512 0.055147
16 0.166513 0.354167 0.029718 0.013072
17 0.372855 0.566789 0.531863 0.539624
58 0.489737 0.931168 0.055453 0.047794
58 0.510110 0.909518 0.036152 0.023284
58 0.850337 0.918913 0.027880 0.019199
