12 0.231413 0.377145 0.198938 0.107843
50 0.311070 0.408088 0.010212 0.026348
33 0.604984 0.438266 0.044935 0.083640
12 0.522672 0.751072 0.104984 0.058517
53 1.319240 0.539750 1.157271 0.502043
59 0.505923 0.316330 0.203023 0.104473
8 0.578636 0.819087 0.191585 0.141238
58 0.125204 0.631434 0.087827 0.062500
29 1.183211 0.508732 0.025735 0.007659
29 1.109681 0.654871 0.024101 0.026654
29 1.116626 0.738205 0.029003 0.022978
29 1.193832 0.883885 0.051062 0.012255
29 1.203636 0.969822 0.029820 0.022365
29 1.128268 0.940411 0.033497 0.019914
29 1.111315 1.149663 0.067402 0.026654
29 1.046364 1.526654 0.016748 0.016544
29 0.671977 1.453278 0.047386 0.037071
29 0.576389 1.261183 0.004902 0.015625
29 0.616217 1.386795 0.011846 0.014400
29 0.394404 1.447610 0.031454 0.023897
29 0.418913 1.454657 0.015114 0.025735
29 0.071078 0.375766 0.027778 0.028493
29 0.054739 0.397825 0.025327 0.034620
29 0.908292 0.808211 0.046977 0.047794
29 0.931577 0.998621 0.024101 0.038297
29 0.980188 0.959712 0.033088 0.034007
29 0.762868 0.969210 0.032271 0.038297
29 0.777165 1.023131 0.028186 0.021140
29 0.467116 0.919271 0.017565 0.027267
29 0.506127 0.738511 0.045752 0.029105
29 0.665441 0.268995 0.047386 0.017157
29 0.144404 0.718444 0.019199 0.009191
55 0.689202 0.305008 0.167892 0.038297
55 0.597329 0.153660 0.159722 0.010723
55 0.508189 0.165762 0.070261 0.187500
55 0.940194 0.694868 0.060049 0.212010
55 0.483660 0.488985 0.086601 0.158701
55 0.210308 0.351876 0.089461 0.141544
55 0.548835 0.977773 0.149918 0.040748
55 0.546218 0.729991 0.092320 0.127145
55 0.269229 0.346624 0.011029 0.076593
55 0.227494 0.641975 0.074346 0.059743
55 0.125049 0.822610 0.122141 0.042279
55 0.508977 0.668892 0.100082 0.029718
55 0.455221 1.017390 0.008987 0.079044
55 0.454900 0.847499 0.009395 0.022672
55 0.400210 1.066804 0.122549 0.105392
55 0.506828 1.069226 0.049020 0.077206
55 0.067810 0.814849 0.103758 0.070903
55 0.163399 0.744748 0.054739 0.010417
55 0.091299 0.826031 0.117239 0.016850
55 0.172590 0.834391 0.020016 0.007047
55 0.514151 0.736403 0.019199 0.036765
55 0.245302 0.375452 0.015931 0.026348
55 0.438200 0.559385 0.076797 0.005821
55 0.169730 0.978649 0.015931 0.022978
36 0.274169 0.304243 0.056781 0.107230
36 0.307394 0.593765 0.087827 0.112745
16 0.277778 0.519768 0.069444 0.085493
36 0.293913 0.376743 0.022467 0.024203
36 0.453636 0.407607 0.039624 0.120711
39 0.196895 1.250445 0.045752 0.047488
58 0.242443 1.245237 0.020016 0.017463
36 0.433610 0.658519 0.099673 0.035816
36 0.276523 0.528288 0.073938 0.084559
36 0.158905 0.947683 0.058824 0.021446
59 0.874757 0.517084 0.024101 0.026348
29 0.944960 0.775655 0.025735 0.015625
58 0.995341 0.604845 0.126225 0.078884
5 0.596405 0.650582 0.645425 0.155331
7 0.898284 0.642616 0.044118 0.073223
50 0.354984 0.292892 0.007761 0.007353
59 0.276416 0.307598 0.008578 0.007966
59 0.454599 0.329744 0.009395 0.006127
59 0.505456 0.379377 0.004902 0.009191
59 0.306577 0.070312 0.011029 0.008272
6 0.499796 0.486060 0.072304 0.135110
58 0.759395 0.715839 0.034314 0.024203
36 0.417688 0.250766 0.068219 0.057292
21 0.564747 0.530637 0.073938 0.033701
17 0.834355 0.454963 0.520833 0.362132
12 0.316381 0.450827 0.129493 0.056066
50 0.267157 0.439491 0.022876 0.016850
14 0.259191 0.799632 0.185866 0.158701
59 0.767157 0.649663 0.060458 0.067708
21 0.802492 0.238051 0.152369 0.139093
59 0.745915 0.066023 0.038399 0.029718
39 0.374183 0.491268 0.163399 0.098346
36 0.477328 0.960478 0.077206 0.058824
