5 0.354779 0.206801 0.036356 0.072304
47 0.064542 0.370404 0.030229 0.053309
45 0.464257 0.402880 0.110703 0.054534
36 0.534722 0.561121 0.179739 0.171875
5 0.581495 0.963848 0.232435 0.068015
36 0.214257 1.163450 0.097631 0.072610
36 0.021038 1.135876 0.040441 0.074449
39 0.192810 0.769455 0.176471 0.178615
29 0.250204 0.257353 0.055964 0.055147
58 0.389502 0.789369 0.029003 0.018689
17 0.335989 0.623009 0.670343 0.506434
57 0.241217 0.709099 0.480801 0.256434
36 0.818015 0.396293 0.935866 0.446385
39 0.469771 0.208640 0.325163 0.417279
36 1.185662 0.932292 0.175245 0.151348
14 0.773080 0.738971 0.137663 0.156250
14 0.379902 0.764706 0.075163 0.023897
39 0.347835 1.087163 0.333742 0.271140
55 0.612541 0.725184 0.792892 0.912990
40 0.545343 0.806985 0.317810 0.166360
58 0.666462 0.408395 0.064951 0.082108
42 0.371732 0.405637 0.473856 0.340074
39 0.589461 0.576746 0.580882 0.423713
38 0.607026 0.784467 0.521242 0.353860
33 0.537377 0.789828 0.305964 0.189338
14 0.497958 0.562806 0.337418 0.150735
18 0.216095 0.725950 0.414216 0.492953
36 0.267361 0.712776 0.163807 0.286458
21 0.690155 0.292279 0.114788 0.060662
59 0.317810 0.366728 0.031046 0.005515
59 0.853350 0.432292 0.033497 0.011642
0 1.241830 0.677390 0.150327 0.091912
0 0.192810 0.156403 0.049020 0.034620
20 0.710172 0.452512 0.279820 0.208946
12 0.290645 0.199142 0.080474 0.131740
8 0.178717 0.271140 0.028186 0.027574
5 0.263685 0.636949 0.171160 0.153799
39 0.454861 0.541667 0.142565 0.068015
59 0.700572 0.871630 0.023693 0.010417
59 0.757761 0.939645 0.028595 0.022672
36 0.891953 0.731464 0.295343 0.263787
39 1.470792 0.776501 0.065768 0.081189
58 2.288603 0.140472 0.024101 0.010110
5 0.580270 0.373621 0.181781 0.095895
