58 0.286356 0.176624 0.047386 0.015625
29 0.128676 0.428922 0.047386 0.008578
5 0.582925 0.335172 0.165850 0.061275
7 0.506740 0.360754 0.013480 0.011336
58 0.525531 0.140472 0.056781 0.018076
36 0.023693 0.223652 0.041667 0.025123
57 0.413807 0.673254 0.360294 0.350797
7 0.555147 0.645527 0.293301 0.224877
32 1.184028 0.436581 0.765114 0.655637
20 0.953431 0.380821 1.024510 0.702206
51 1.432598 0.774050 0.532680 0.261336
20 0.609886 0.700674 0.179739 0.085172
55 0.501430 0.709865 0.045343 0.009191
21 0.179943 0.256893 0.024918 0.017463
21 0.731005 0.443474 0.027369 0.019301
36 0.535743 0.959406 0.102533 0.080576
33 0.484886 0.986366 0.062908 0.026654
59 0.654412 0.832414 0.013072 0.004289
59 0.635621 0.841299 0.014706 0.006127
59 0.633170 0.848652 0.014706 0.007353
59 0.629493 0.851716 0.010621 0.004902
59 0.600490 0.847120 0.014706 0.009191
59 0.624183 0.782169 0.011438 0.010417
59 0.624592 0.741728 0.017157 0.007966
59 0.731618 0.718137 0.010621 0.011029
59 0.747958 0.518689 0.004085 0.010417
59 0.218546 0.977635 0.017157 0.005515
59 0.632761 0.748468 0.008987 0.005515
12 0.624183 0.427543 0.096405 0.073836
58 0.369485 0.109835 0.022467 0.019301
17 0.796160 0.403646 0.460784 0.162684
17 0.389706 0.238051 0.195261 0.121936
55 1.214461 1.012102 0.217320 0.153493
29 1.363766 0.984069 0.031454 0.017157
58 0.708742 0.672947 0.026144 0.011949
58 0.244281 0.372243 0.013889 0.033088
21 0.545956 0.343137 0.072304 0.053922
36 0.551471 0.747396 0.227941 0.097120
39 0.305964 0.987745 0.026144 0.018382
39 0.988562 0.478401 0.018791 0.010110
