12 0.482026 0.265319 0.253268 0.118260
12 0.714257 0.355239 0.246324 0.202512
5 0.438930 0.372702 0.341095 0.110600
50 0.623570 0.430760 0.044526 0.013480
39 0.089869 0.768229 0.179739 0.228248
39 0.818423 0.131281 0.033088 0.014400
36 0.393382 0.674173 0.358660 0.437194
36 0.337623 0.754749 0.164624 0.141238
36 0.814542 0.037684 0.073529 0.045343
0 0.847426 0.559589 0.047794 0.026654
0 0.446895 0.839308 0.023693 0.035846
33 0.476103 0.153493 0.042892 0.055147
7 0.284722 0.397365 0.032680 0.049020
36 0.602328 0.110447 0.087827 0.076287
58 0.582108 0.176471 0.048203 0.017770
36 0.981005 0.146293 0.094363 0.070159
57 0.537990 0.684589 0.284314 0.198836
36 0.082721 0.156556 0.079657 0.019608
33 0.262459 0.504289 0.153186 0.102328
39 0.178105 0.440411 0.061275 0.036458
36 0.388480 0.564798 0.145425 0.073223
36 0.537990 0.569853 0.276144 0.117034
36 0.708946 0.609528 0.149918 0.124694
36 0.591299 0.779105 0.275735 0.172794
58 1.202819 0.136795 0.119690 0.049326
39 0.930351 0.426164 0.056781 0.028799
39 1.041667 0.518076 0.025327 0.012868
39 1.146446 0.489890 0.021650 0.016544
58 1.254493 0.483915 0.022876 0.019301
39 1.435458 0.516850 0.071078 0.031863
55 0.899101 0.178309 0.021242 0.021446
27 0.912582 0.186428 0.018791 0.016850
58 0.350899 0.492800 0.056373 0.024816
36 0.167688 0.579197 0.072304 0.061581
36 0.355392 0.623621 0.071078 0.028493
36 1.118873 0.890472 0.133987 0.054841
36 1.468750 0.622243 0.099265 0.044730
57 1.060662 0.428002 0.060866 0.038603
57 1.118260 0.367034 0.060049 0.027574
57 1.143587 0.473346 0.040441 0.035539
58 0.564134 0.387714 0.030229 0.021752
47 0.713235 0.470588 0.064542 0.034314
36 0.663399 0.519301 0.066993 0.066176
36 0.579248 0.526961 0.059641 0.031863
36 0.684232 0.541973 0.054739 0.040441
36 0.628268 0.537684 0.043301 0.016544
39 0.944444 0.629596 0.062092 0.033088
57 0.953840 0.840074 0.075980 0.041054
57 0.574142 0.477941 0.041258 0.030637
58 0.581291 0.465839 0.030229 0.025429
39 1.021242 0.498162 0.049837 0.016544
55 1.416054 0.516850 0.091095 0.042892
58 0.362949 0.717065 0.039624 0.024816
58 1.108047 0.838388 0.027369 0.018076
52 0.520629 0.631127 0.524918 0.918505
36 0.510212 0.755055 0.325163 0.329350
14 0.497141 0.537377 0.311275 0.111520
5 0.321078 0.051317 0.132353 0.028493
36 0.577206 0.383119 0.242647 0.173713
58 0.494281 0.272365 0.025327 0.011029
8 0.741422 0.295190 0.092320 0.065870
7 0.329044 0.835325 0.100899 0.071385
29 0.439951 0.640931 0.065359 0.101716
36 0.544118 0.530484 0.164216 0.104473
5 0.675858 0.307138 0.073938 0.056066
7 0.644608 0.330116 0.012255 0.010110
36 0.768995 0.210784 0.059232 0.036152
39 0.588031 0.264706 0.072304 0.028799
39 0.466708 0.658241 0.119690 0.089767
39 0.273489 0.785539 0.064951 0.054534
36 0.391544 0.474418 0.047794 0.041973
58 0.709967 0.147518 0.013889 0.008885
58 0.907884 0.016697 0.027369 0.022365
58 0.915645 0.006893 0.032271 0.013787
58 0.457925 0.245711 0.028595 0.025735
36 0.505719 0.727022 0.059641 0.067402
41 0.057598 0.259344 0.075980 0.102635
18 0.478758 0.582721 0.109477 0.103554
36 0.723039 0.173254 0.118464 0.054228
