11 0.132047 0.541258 0.151348 0.348856
4 0.243413 0.350082 0.116115 0.488562
4 0.396446 0.302696 0.148897 0.440359
7 0.428768 0.144199 0.083640 0.123366
36 0.353401 1.055351 0.048100 0.037990
59 0.104013 0.341708 0.005208 0.010212
17 0.606618 0.181577 0.209559 0.145016
51 0.392923 1.065972 0.457414 0.604167
21 0.450061 0.821691 0.300858 0.323938
17 0.495404 0.561275 0.478554 0.606209
12 0.307598 0.714869 0.078431 0.066993
12 0.313725 0.813521 0.060049 0.134395
12 0.371324 0.802900 0.056373 0.134395
12 0.405331 0.806985 0.080270 0.113154
12 0.303462 0.918709 0.107537 0.080882
12 0.274357 1.015523 0.069547 0.120915
12 0.352328 1.034518 0.082108 0.146650
12 0.450674 1.055351 0.099877 0.139297
12 0.409620 0.932802 0.103554 0.115605
12 0.469363 0.891748 0.107843 0.111928
12 0.616268 0.766136 0.103860 0.147467
12 0.655484 0.991422 0.077512 0.156046
12 0.766850 0.513480 0.087623 0.160131
12 0.842984 0.440359 0.124694 0.141340
12 1.116422 0.607230 0.088235 0.177696
50 0.891085 0.403186 0.018689 0.027778
50 0.645527 0.716708 0.012868 0.011846
50 0.371477 0.973652 0.013787 0.015931
50 0.790748 0.591912 0.012868 0.010621
29 0.860294 0.965891 0.183824 0.070670
7 0.483456 0.952410 0.128676 0.189951
37 0.363051 0.854167 0.229167 0.311275
37 0.371017 0.408088 0.181373 0.178922
27 0.363205 0.775940 0.109375 0.144199
36 0.138940 0.656658 0.079963 0.114788
36 0.096354 0.474673 0.041360 0.013072
36 0.695772 0.981005 0.048407 0.108252
58 0.317402 0.635621 0.046569 0.028595
58 0.540441 0.569853 0.111520 0.054739
0 0.442708 0.835580 0.027574 0.050245
25 0.566636 0.231618 0.146140 0.165850
29 0.534467 0.652778 0.066483 0.078431
29 0.568321 0.815359 0.071691 0.102124
29 0.249694 0.520016 0.178922 0.250817
46 0.323070 0.713848 0.215993 0.171160
21 0.471661 0.466708 0.059743 0.093546
46 0.687040 0.347222 0.141850 0.160131
40 0.549939 0.812296 0.026961 0.034722
29 0.097580 0.828636 0.015625 0.013480
38 0.119485 0.283701 0.126225 0.139297
38 0.223346 0.171364 0.074755 0.081291
38 0.134038 0.180760 0.020527 0.074755
38 0.245098 0.243464 0.111520 0.156863
38 0.269608 0.150327 0.041667 0.054739
40 0.120098 0.219158 0.025735 0.025735
50 0.535539 0.625408 0.017157 0.022876
8 0.545037 0.597426 0.017157 0.023284
50 0.505515 0.572304 0.012868 0.014706
59 0.713542 0.483864 0.009804 0.022467
59 0.200214 0.592116 0.018076 0.014297
59 0.060968 0.959559 0.007353 0.031046
50 0.521599 0.703227 0.013174 0.016748
58 0.776501 0.542688 0.009498 0.028186
8 0.488971 0.505106 0.017770 0.021650
