14 0.462445 0.321250 0.621162 0.299500
43 1.009868 0.313500 0.338816 0.164000
39 1.009868 0.297125 0.336623 0.131250
36 0.614309 0.522375 0.099781 0.023250
58 0.363487 0.585625 0.051535 0.013750
39 0.933388 0.286750 0.191338 0.096500
39 0.284814 0.469625 0.091557 0.031250
21 0.770833 0.835875 0.434211 0.184250
39 0.865132 0.904125 0.196272 0.058750
27 0.512884 0.194625 0.220943 0.098250
5 0.826206 0.540000 0.582785 0.896500
7 0.853893 0.125375 0.249452 0.065750
18 0.767270 0.529875 0.348136 0.105750
39 0.825658 0.281500 0.214912 0.092500
39 0.809759 0.537125 0.040570 0.019250
34 0.490406 0.431500 0.304276 0.141500
58 0.375274 0.764875 0.019189 0.032250
29 0.429276 0.789250 0.071272 0.022500
29 0.710252 0.080625 0.026864 0.010750
55 0.908991 0.363375 0.146930 0.023750
27 0.906250 0.361125 0.069079 0.022250
16 1.258224 0.300500 0.641447 0.342500
12 0.804276 0.214375 0.233553 0.182250
10 0.733827 0.336625 0.302083 0.151750
50 0.790570 0.155000 0.058114 0.015000
50 0.689419 0.272500 0.072917 0.025000
27 0.652961 0.442500 0.169956 0.076500
39 0.948465 0.050500 0.089912 0.035500
5 0.395833 0.543875 0.055921 0.054250
