10 0.619485 0.124847 0.254493 0.220895
10 0.244894 0.128983 0.237337 0.251225
4 0.407475 0.320312 0.660539 0.180453
7 0.119077 0.311275 0.083742 0.069240
50 0.278799 0.058517 0.092729 0.033088
50 0.679330 0.069393 0.100490 0.034007
5 0.333946 0.582721 0.066585 0.044730
58 0.238562 0.446691 0.024510 0.010417
58 0.197712 0.489124 0.022059 0.007047
58 0.627042 0.142310 0.008987 0.006434
58 0.524714 0.274663 0.026552 0.008272
39 0.567034 0.723805 0.208456 0.227757
17 0.320261 0.340993 0.158497 0.037990
17 0.421977 0.429688 0.073529 0.293811
5 0.643178 0.531710 0.057598 0.035233
7 0.619485 0.544271 0.009395 0.007659
7 0.578840 0.357384 0.011438 0.006434
7 0.605596 0.295956 0.011029 0.004289
5 0.604984 0.323836 0.025327 0.056985
21 0.641953 0.338695 0.032271 0.033395
39 0.646855 0.314798 0.051062 0.018076
36 0.438521 0.128983 0.033905 0.071078
59 0.789828 0.820006 0.023284 0.008885
49 0.366830 0.613358 0.583333 0.129902
55 1.402778 0.468597 0.263072 0.566483
12 0.753577 0.711007 0.202614 0.246936
50 0.761176 0.622160 0.039216 0.045343
12 0.604554 0.717749 0.202354 0.167279
59 0.691787 0.530246 0.035539 0.020221
39 0.485907 0.483150 0.399918 0.290441
8 0.711806 0.865502 0.119690 0.094975
58 0.856822 0.987745 0.033905 0.028799
58 0.813317 0.969210 0.041667 0.074449
20 0.360907 0.800858 0.164624 0.090074
12 0.717729 0.142310 0.036765 0.025429
51 0.517157 0.714154 0.964052 0.226716
21 0.702002 0.426624 0.077206 0.063419
27 0.689134 0.402420 0.051471 0.029105
29 0.770221 0.532016 0.016748 0.051777
58 0.902574 0.392157 0.048611 0.041667
59 0.069853 0.245098 0.013889 0.008578
5 0.570466 0.338235 0.372141 0.186887
7 0.403595 0.414982 0.040033 0.032169
6 0.604575 0.457874 0.099673 0.048713
6 0.525940 0.463082 0.089461 0.053002
33 0.572508 0.465993 0.117239 0.039216
59 0.347222 0.454044 0.004902 0.009804
59 0.352533 0.449449 0.005719 0.011642
4 0.371324 0.399663 0.174020 0.049326
15 0.994690 0.392157 0.120915 0.057598
58 1.053717 0.383425 0.052696 0.046262
36 0.382557 0.729320 0.075572 0.058517
36 0.439747 0.401808 0.130310 0.102022
