5 0.324142 0.345792 0.142157 0.083742
7 0.389706 0.327002 0.011029 0.019199
4 0.145833 0.122568 0.140319 0.162582
7 0.087469 0.188745 0.023591 0.028595
58 0.121477 0.056800 0.062194 0.052288
58 0.331495 0.343974 0.130515 0.101307
58 0.289982 0.344791 0.058517 0.075980
54 0.723805 0.383598 0.080576 0.084150
58 0.759330 0.378287 0.025429 0.043301
5 0.815287 0.201204 0.051471 0.056781
58 0.931095 0.370322 0.019608 0.026552
58 0.910262 0.357046 0.009804 0.004902
58 0.423319 0.664235 0.017157 0.022876
58 0.334056 0.282086 0.017463 0.024101
58 1.019790 0.189766 0.019301 0.007761
57 0.304381 0.810049 0.128370 0.161765
57 0.278799 0.253676 0.557598 0.507353
17 0.452359 0.464461 0.057904 0.083333
20 0.433670 1.139706 0.170650 0.300654
58 0.810662 1.508783 0.208946 0.325572
49 0.532169 0.774714 0.117034 0.649918
21 0.665901 0.688725 0.553615 0.731209
7 0.355392 1.099265 0.059436 0.072712
6 0.315257 0.194444 0.131127 0.087418
6 0.390625 1.036560 0.052696 0.158088
39 0.509957 0.213440 0.050551 0.039624
5 0.446232 0.633578 0.089767 0.086601
7 0.485447 0.599265 0.010723 0.017974
39 0.337010 0.933211 0.278186 0.179330
39 0.659620 0.846405 0.176471 0.277778
36 0.344975 0.571487 0.321691 0.241013
33 0.431832 0.740809 0.161458 0.296977
49 0.594210 0.668096 0.042586 0.161356
55 0.878523 0.591503 0.199449 0.054739
29 0.690870 0.422794 0.034314 0.017974
29 0.621477 0.468954 0.078125 0.078431
7 1.213848 1.200368 0.041054 0.054330
54 0.347733 0.470792 0.050245 0.149101
59 0.739124 0.334967 0.024816 0.009804
12 0.776042 0.464869 0.122549 0.183824
