6 0.302492 0.241422 0.182598 0.405025
40 0.455474 0.477022 0.165850 0.197304
40 0.535743 0.510876 0.136846 0.119792
29 0.642157 0.250766 0.050654 0.054228
58 0.730392 0.689185 0.025327 0.043199
17 0.184232 0.625460 0.271242 0.214154
17 0.393178 0.687347 0.261029 0.271140
17 0.592525 0.739430 0.247141 0.203125
17 0.541258 0.444547 0.106209 0.069853
7 0.369485 0.438419 0.173611 0.143995
39 0.853962 0.602941 0.120507 0.046569
4 0.644404 0.703738 0.982435 1.035539
7 0.305760 1.129902 0.308415 0.185049
21 0.536765 0.516391 0.099673 0.076287
27 0.560866 0.498162 0.053105 0.041054
42 0.623775 0.518076 0.214052 0.186275
29 0.613766 0.847886 0.140114 0.059130
39 0.474469 0.504442 0.360703 0.149203
39 0.774510 0.359069 0.104575 0.087010
7 1.262663 0.464154 0.035948 0.019608
7 1.099265 0.331342 0.025327 0.008885
5 0.582312 0.373009 0.091912 0.045037
58 0.637459 0.383425 0.031454 0.015012
29 1.573529 1.011336 0.287582 0.229779
17 0.874592 0.953125 0.428105 0.543505
20 0.600082 0.302083 0.174837 0.133578
36 0.606127 0.434865 0.156863 0.085172
58 0.846201 0.492984 0.037990 0.016850
58 0.146364 0.032782 0.069853 0.061887
