7 0.447703 0.542476 0.051879 0.035846
18 1.330023 0.129749 0.167553 0.062194
18 0.891378 0.803768 0.261006 0.162684
58 0.522263 0.176930 0.117239 0.051164
33 0.399714 0.075521 0.252859 0.140012
39 0.898080 0.214461 0.140114 0.076593
40 0.610498 0.693015 1.220180 1.127451
5 0.510825 0.786765 0.225899 0.469975
7 0.471405 0.565411 0.081699 0.028493
6 0.594363 0.696844 0.492647 0.344056
39 0.583333 0.742034 0.138889 0.106005
12 0.477941 0.463542 0.082516 0.067402
58 0.521855 0.235600 0.032271 0.023897
21 0.417484 0.384804 0.325163 0.103554
27 0.624183 0.612745 0.071895 0.060049
0 0.843342 0.412531 0.385212 0.265012
0 0.660131 0.205729 0.091503 0.128370
46 0.352124 0.582261 0.210784 0.142463
58 0.382557 0.489583 0.027369 0.015319
58 0.503676 0.625000 0.057190 0.026348
39 0.497345 0.484375 0.035539 0.016544
36 0.229371 0.938725 0.098448 0.041667
59 0.947304 0.597120 0.025327 0.010417
59 0.963644 0.591912 0.026961 0.008578
6 0.488154 0.668658 0.203431 0.063419
29 0.523284 0.477175 0.053105 0.033395
59 0.704861 0.972733 0.036356 0.018995
59 0.472222 0.644761 0.025327 0.023591
59 0.751838 0.021906 0.019199 0.022365
