20 0.651864 0.300500 0.270833 0.126000
27 0.838268 0.299250 0.152412 0.141000
18 0.608827 0.513750 0.109101 0.031000
59 0.160088 0.518125 0.023026 0.004750
59 0.257675 0.536500 0.019737 0.006500
59 0.914200 0.681875 0.029057 0.007250
59 0.196272 0.519750 0.018640 0.004500
36 0.853540 0.463625 1.280650 0.500250
36 1.205592 0.314875 1.174342 0.390750
39 1.103893 0.399000 1.152961 0.358000
36 1.751645 0.284500 0.418860 0.218500
58 1.889529 0.540875 0.089364 0.033750
59 2.041393 0.197250 0.104715 0.057500
39 1.231086 0.618875 0.120066 0.093750
58 0.454221 0.728625 0.140899 0.056750
20 0.446272 0.242750 0.456140 0.189000
14 0.696820 0.402125 0.171053 0.064250
57 1.129112 0.365125 0.078399 0.085250
5 1.007127 0.256125 0.218202 0.026250
7 1.103344 0.253000 0.024671 0.015000
58 0.842105 0.507375 0.046053 0.022750
5 0.458882 0.534125 0.108553 0.044750
29 0.642818 0.577250 0.036732 0.015000
36 0.481908 0.332375 0.251096 0.114750
9 1.103618 0.228125 0.023026 0.011250
59 0.194079 0.331750 0.015351 0.008500
12 0.565829 0.343304 0.100329 0.023750
4 0.624099 0.533316 0.098136 0.058750
12 0.529605 0.388375 0.270833 0.177250
