12 0.196691 0.502042 0.073529 0.049837
6 0.277420 0.123775 0.048100 0.174020
42 0.293658 0.185049 0.074449 0.082516
8 0.448376 0.398080 0.046262 0.031454
8 0.513021 0.456291 0.052390 0.037582
23 0.627911 0.408905 0.089767 0.214869
23 0.628983 0.255923 0.071078 0.103350
6 0.747396 0.308007 0.066483 0.218137
23 0.752757 0.233252 0.059436 0.118464
6 0.824449 0.210376 0.064951 0.294935
6 0.864430 0.358252 0.079963 0.253268
31 0.567096 0.269812 0.070466 0.132761
36 0.487898 0.095792 0.113051 0.192402
31 0.923866 0.248775 0.050551 0.045752
31 0.938572 0.303717 0.079350 0.041258
19 0.277420 0.764725 0.359988 0.460784
17 0.308218 1.480733 0.497593 0.305731
17 0.378691 1.570018 0.331524 0.127159
32 0.374540 0.870098 0.736213 0.913399
40 0.461397 0.668301 0.043505 0.011438
59 0.633119 0.440768 0.502757 0.424020
36 0.481618 0.953023 0.077819 0.209967
59 0.825980 0.291667 0.025735 0.013889
29 0.388634 0.906454 0.041973 0.096405
29 0.476716 0.246732 0.085784 0.169118
27 0.320006 1.091299 0.048713 0.077206
12 0.347120 0.565972 0.181985 0.128676
50 0.412224 0.559028 0.011336 0.031454
49 0.405944 0.739788 0.077206 0.061275
12 0.965993 1.028799 0.094363 0.070670
5 0.342525 0.791258 0.048407 0.209150
7 0.348499 0.886642 0.021140 0.018382
59 0.513327 0.414828 0.007659 0.022467
36 0.390012 0.463644 0.067402 0.127451
59 0.620864 0.605188 0.024816 0.028186
59 0.509498 0.445670 0.011642 0.032680
36 0.531556 0.181985 0.031250 0.037173
