34 0.610197 0.494875 0.938596 0.445250
58 0.492050 0.107500 0.112390 0.045000
58 1.407072 0.139750 0.072917 0.037500
36 0.302906 0.508625 0.374452 0.088750
29 1.497807 0.350000 1.321272 0.338000
29 0.646930 0.447375 1.289474 0.119250
29 1.638158 0.576125 0.184211 0.059750
29 2.165022 0.399375 0.089912 0.041250
29 1.537007 0.179500 0.266996 0.071500
29 1.733553 0.127875 0.289474 0.147250
29 0.525493 0.131875 0.101425 0.056750
57 0.228070 0.572500 0.059211 0.023500
5 0.666118 0.571375 0.512061 0.710250
7 0.585526 0.240750 0.208333 0.050000
8 0.998355 0.396750 0.563596 0.252500
5 1.004660 0.608750 0.557566 0.215000
12 1.146382 0.705500 0.266447 0.145500
12 0.744792 0.450750 0.311952 0.177000
29 1.250822 0.534375 0.091557 0.026250
39 0.656440 0.494832 0.297149 0.159000
14 0.490132 0.606000 0.133772 0.074000
4 0.648575 0.428500 0.109649 0.050000
53 0.964364 0.766625 0.203947 0.098750
59 0.339912 0.737250 0.015351 0.005500
59 0.864583 0.095000 0.031798 0.011000
36 0.692708 0.423250 0.118969 0.050000
36 0.712171 0.395500 0.391447 0.056000
51 0.725329 0.371875 0.116228 0.084750
5 0.649671 0.458375 0.199561 0.035750
5 0.413925 0.473375 0.209430 0.036250
16 0.530428 0.391750 0.112390 0.064000
20 0.516173 0.442375 0.091557 0.031250
58 0.237116 0.571125 0.057566 0.016750
36 0.413103 0.411375 0.190241 0.072750
36 0.700110 0.419375 0.078947 0.023250
59 0.138158 0.539750 0.028509 0.006500
59 0.173794 0.567750 0.016447 0.010500
59 0.211623 0.567750 0.010965 0.009500
58 0.308388 0.638875 0.124452 0.053750
59 0.296875 0.561625 0.037829 0.015750
7 0.431743 0.340125 0.013706 0.005250
5 0.556743 0.420000 0.046601 0.027000
