11 0.212469 0.409109 0.109375 0.459559
36 0.450951 0.456349 0.090686 0.129085
57 0.434743 1.026757 0.302083 0.256127
39 0.233456 1.558007 0.177083 0.280229
42 0.517923 1.075368 0.399816 0.519199
39 0.800398 1.119894 0.202512 0.241422
1 0.501532 0.738971 0.143995 0.668301
51 0.409620 0.830882 0.348039 1.192810
42 0.522978 0.942198 0.444853 0.480801
57 0.638634 0.924837 0.049326 0.057190
27 0.415748 0.888480 0.057598 0.084150
51 0.410692 0.632353 0.129596 0.513889
20 0.315411 0.415237 0.094056 0.181781
27 0.313725 0.311275 0.106618 0.074346
55 0.309589 0.256944 0.022365 0.112745
5 0.349571 0.659722 0.104779 0.062908
6 0.678768 0.560049 0.114890 0.139706
39 0.963848 0.358456 0.054534 0.058415
39 0.949142 0.423611 0.041054 0.020425
58 0.803156 0.314747 0.029105 0.038807
36 0.450521 0.548203 0.127757 0.080882
40 0.154565 0.268587 0.054228 0.059232
40 0.198223 0.259804 0.038603 0.042484
38 0.195159 0.303922 0.039828 0.055556
58 0.205729 0.249183 0.011949 0.014706
58 0.078431 0.312908 0.027574 0.015523
58 0.184896 0.291258 0.011336 0.012255
21 0.728554 0.493464 0.039828 0.038399
31 0.781710 0.785131 0.013787 0.023693
