0 1.029412 0.375460 0.080065 0.030331
36 0.391340 0.420190 0.227124 0.240502
52 0.565564 0.228554 0.113154 0.087010
52 0.753881 0.282782 0.138480 0.083333
52 0.837623 0.232690 0.066585 0.086703
52 0.783292 0.181985 0.129493 0.034314
52 0.918096 0.181526 0.137663 0.034620
52 0.742443 0.136029 0.071487 0.080882
12 0.616217 0.745558 0.296160 0.159007
39 0.580474 0.691789 0.563725 0.577206
36 0.774714 0.464614 0.368873 0.268689
6 0.328227 0.329504 0.185866 0.048100
58 0.234886 0.431679 0.021242 0.017157
5 0.429330 0.232230 0.050654 0.015319
29 0.340278 0.472426 0.261438 0.148284
48 0.490809 0.400429 0.170343 0.094975
46 0.471814 0.730699 0.249183 0.052696
57 0.498775 0.362592 0.114379 0.083027
57 0.301266 0.660386 0.015114 0.015012
57 0.437908 0.537531 0.037582 0.010723
57 0.929330 0.563113 0.027778 0.016544
57 0.752247 0.426471 0.016748 0.011642
12 0.515319 0.312960 0.091912 0.040135
36 0.527369 0.731311 0.272059 0.151961
