12 0.650219 0.298125 0.269737 0.177750
36 1.336349 0.273250 0.137061 0.027500
36 0.953673 0.437875 0.736294 0.305750
58 0.726700 0.019250 0.056469 0.012500
36 0.741502 0.568750 1.182566 0.507000
7 1.123355 0.346250 0.405702 0.187500
29 0.914748 0.533125 0.319627 0.145750
22 0.449013 0.267125 0.163377 0.076750
38 0.146107 0.075750 0.292215 0.151000
38 0.082511 0.332500 0.165022 0.088000
18 0.617599 0.484375 0.225329 0.113750
36 0.584978 0.477000 0.091009 0.052500
39 1.319901 0.332125 0.023575 0.017250
57 0.982730 0.386750 0.234101 0.110000
29 1.370888 0.164625 0.022478 0.013250
12 0.735197 0.534125 0.280702 0.117750
55 0.584704 0.299625 0.188048 0.009250
8 0.708059 0.209250 0.027961 0.011500
58 0.467379 0.049125 0.078399 0.026250
5 1.199836 0.317250 0.143092 0.195500
7 1.191338 0.409125 0.046053 0.010250
52 0.836349 0.042875 0.060855 0.037750
16 0.643092 0.353375 0.144737 0.043250
7 0.798246 0.479625 0.024123 0.010250
59 0.616776 0.512750 0.027412 0.005500
59 0.918860 0.611500 0.021930 0.005000
59 0.688048 0.066250 0.014254 0.005500
20 1.145559 0.238750 0.233004 0.109500
27 1.166941 0.172375 0.247259 0.082750
6 0.626919 0.537750 0.132127 0.185500
59 0.410088 0.568000 0.037281 0.019500
59 0.528783 0.474375 0.037829 0.010250
59 0.364309 0.724375 0.068531 0.008750
59 0.252467 0.696750 0.058662 0.015500
21 0.436678 0.401500 0.259320 0.079000
27 0.560855 0.405500 0.106360 0.072000
55 0.540022 0.406750 0.355263 0.056000
59 0.573191 0.417000 0.026864 0.010000
59 0.644737 0.415375 0.038377 0.009750
59 0.445724 0.799625 0.032895 0.021250
59 0.620614 0.304250 0.012061 0.014500
36 0.487116 0.615500 0.144189 0.051500
17 0.673520 0.467125 0.153509 0.053750
