45 0.329248 0.245558 0.371732 0.209252
59 0.192810 0.455882 0.014706 0.031250
29 0.181577 0.568168 0.035539 0.007047
57 0.479167 0.717218 0.397059 0.175245
29 0.552288 0.745251 0.116830 0.090380
57 0.503268 0.865962 0.336601 0.190870
40 0.244485 1.078431 0.321487 0.268995
40 0.296773 0.943321 0.194036 0.098652
40 0.353758 1.075827 0.486928 0.360600
40 0.767770 0.725797 0.216095 0.126838
40 0.821487 0.704350 0.053922 0.082721
40 0.881536 0.804994 0.130719 0.122855
40 0.576389 0.976869 0.128268 0.117953
4 0.780637 0.873315 0.219771 0.196385
58 0.118668 1.020067 0.236520 0.140012
2 0.524101 0.766850 0.170752 0.132966
39 0.902165 0.953278 0.217729 0.176164
39 0.828636 0.898591 0.039624 0.019608
55 1.137051 1.459712 0.167075 0.069547
58 0.794526 0.141391 0.027778 0.030944
31 0.224060 0.584712 0.088644 0.071385
58 0.577614 0.362439 0.038399 0.032475
58 0.457516 0.418045 0.022059 0.016238
55 1.188930 0.921415 0.062500 0.304228
7 0.219158 0.998928 0.179330 0.127757
5 0.754289 0.678922 0.364788 0.849877
36 0.546977 0.526042 0.535131 0.180147
55 0.433415 0.519455 0.195261 0.055453
7 0.336806 0.602941 0.025735 0.016544
58 0.433007 0.432292 0.039216 0.072304
59 0.435662 0.433364 0.008578 0.025429
29 0.363358 0.351103 0.039624 0.025123
39 0.312500 0.247243 0.038399 0.026961
32 0.224877 0.302696 0.093546 0.066176
58 0.093342 0.333793 0.046160 0.023591
59 0.126021 0.262408 0.037173 0.025429
29 0.201797 0.120098 0.046569 0.023897
58 0.441993 0.317402 0.035131 0.015319
59 0.434641 0.565717 0.022876 0.012561
58 0.365400 0.459712 0.042892 0.021752
58 0.084967 0.085172 0.008987 0.011029
29 0.577206 0.509038 0.080065 0.053002
29 0.522263 0.547488 0.020833 0.017770
5 0.500613 0.629442 0.139297 0.202512
59 0.214461 0.607537 0.015523 0.017770
59 0.087827 0.836091 0.018791 0.026348
12 0.582312 0.596661 0.217729 0.119179
5 0.532067 0.698683 0.206291 0.124694
7 0.443832 0.745404 0.029820 0.030637
59 0.507149 0.765165 0.024101 0.024203
59 0.528186 0.770680 0.011438 0.018076
31 0.604779 0.325674 0.073938 0.061887
12 0.526348 0.176777 0.111520 0.069853
50 0.560253 0.153952 0.024101 0.008885
59 0.524714 0.044271 0.011846 0.016238
59 0.576185 0.019148 0.022467 0.010110
59 0.589052 0.202819 0.026144 0.012255
59 0.546364 0.172488 0.032271 0.014093
58 0.590074 0.080423 0.036356 0.013787
59 0.594363 0.101409 0.027778 0.013480
59 0.661969 0.795803 0.009395 0.020527
59 0.814338 0.641850 0.022467 0.020221
36 0.604779 0.676930 0.133578 0.050551
36 0.514297 0.306985 0.059641 0.082721
57 0.961193 0.461244 0.008987 0.008272
57 0.852737 0.770987 0.016748 0.013787
57 0.621528 0.801930 0.011846 0.011336
57 0.164420 0.788756 0.015114 0.008272
57 0.446487 0.660233 0.026961 0.018995
