33 0.372958 0.055760 0.049837 0.015319
12 0.375613 0.572610 0.082108 0.028799
59 0.403595 0.603860 0.006536 0.013480
59 0.491830 0.584559 0.017974 0.011029
59 0.197712 0.702512 0.009804 0.015931
59 0.278799 0.757659 0.022467 0.012868
59 0.281250 0.762408 0.015114 0.008885
59 0.152982 0.889093 0.037990 0.009804
59 0.166462 0.873621 0.015931 0.018076
59 0.089665 0.970895 0.016748 0.023284
59 0.267361 1.164982 0.033088 0.019301
59 0.515319 1.148591 0.023284 0.018382
59 0.188725 0.700980 0.008987 0.011642
59 0.428309 0.567862 0.011846 0.011949
59 0.468546 0.484375 0.008170 0.007353
58 0.476307 0.096354 0.010621 0.003983
58 0.704044 1.173713 0.030637 0.044118
58 0.393995 0.978401 0.025735 0.034620
58 0.060662 0.896293 0.031454 0.030331
58 0.176062 0.914828 0.047386 0.021446
39 0.016953 0.940104 0.018382 0.013787
4 0.494281 0.498315 0.941176 0.769301
39 0.635008 0.797181 0.086193 0.101716
29 0.445874 0.594516 0.041258 0.028493
12 0.631536 0.378370 0.078431 0.063113
5 0.487132 0.303768 0.231618 0.159007
7 0.587827 0.366422 0.030229 0.035539
39 0.688317 0.293505 0.253268 0.171569
39 1.067402 0.115962 0.302288 0.157782
4 0.577410 0.557292 0.448938 0.305760
4 0.617851 1.151195 0.350082 0.246017
36 0.609273 0.621017 0.147467 0.161765
27 0.706495 0.747089 0.393382 0.410846
6 0.304126 0.236979 0.061683 0.145527
59 0.379085 0.199755 0.031046 0.019608
59 0.376225 0.192708 0.025327 0.007966
59 0.399101 0.182904 0.026961 0.007966
59 0.238562 0.359375 0.031046 0.016544
59 0.639706 0.391850 0.011438 0.022672
59 0.664216 0.382047 0.011438 0.018995
59 0.622549 0.018076 0.011438 0.015319
57 0.525123 0.335172 0.027369 0.040441
18 0.567606 0.545343 0.113971 0.105392
59 0.515523 0.461703 0.014706 0.014093
5 0.738971 0.214614 0.150327 0.121017
5 0.569649 0.698529 0.086193 0.160539
8 0.356209 0.399510 0.044118 0.026961
12 0.745302 0.186887 0.063317 0.044118
59 0.967525 0.710938 0.038807 0.012561
59 0.622141 0.292892 0.016340 0.007353
59 0.032884 0.522059 0.024918 0.012255
59 0.180556 0.575674 0.009804 0.014706
59 0.408701 0.680913 0.026552 0.013787
29 0.471405 0.636642 0.031046 0.022672
58 0.571078 0.763480 0.051471 0.037990
59 0.009804 0.553768 0.016340 0.013174
39 0.616626 0.500000 0.270833 0.153799
