36 0.348192 1.155161 0.178002 0.207925
29 0.032169 1.090891 0.019608 0.030637
7 0.479264 0.997723 0.235155 0.321376
42 0.527574 0.980188 0.155637 0.178513
36 0.728707 0.532475 0.076287 0.070670
58 0.749234 0.364788 0.070159 0.083333
58 0.878523 1.329861 0.075674 0.086193
6 0.463695 0.164828 0.144914 0.075572
58 0.121170 0.398489 0.026042 0.020016
36 0.299173 1.583538 0.078738 0.074755
59 0.846661 0.073121 0.010110 0.020425
36 0.425092 1.583129 0.027267 0.049428
39 0.451746 1.006332 0.212929 1.125408
36 0.825368 0.839052 0.654412 0.238562
5 0.514859 0.905229 0.454963 0.401144
7 0.313725 0.760621 0.052390 0.092320
39 0.367800 0.444444 0.059130 0.050654
29 0.281403 0.637051 0.100184 0.037173
43 0.412684 0.877247 0.053309 0.063317
40 0.387408 0.865196 0.157169 0.122549
12 0.282322 0.626634 0.094056 0.209967
12 0.269301 0.453023 0.094363 0.214052
12 0.247089 0.423611 0.083027 0.272876
12 0.357384 0.336806 0.076900 0.151552
12 0.520221 0.350490 0.063725 0.147876
12 0.609069 0.329453 0.066176 0.140931
12 0.649203 0.294730 0.053309 0.132761
12 0.720588 0.365605 0.075368 0.144608
12 0.761795 0.375613 0.039522 0.082108
12 0.708333 0.315359 0.069853 0.130719
12 0.148438 0.489992 0.044424 0.109886
5 0.173866 0.660948 0.077512 0.353758
40 0.788603 0.208333 0.259804 0.303922
50 0.274510 0.549428 0.033701 0.032680
50 0.269608 0.363766 0.028799 0.026552
50 0.241115 0.307190 0.028799 0.016340
50 0.520833 0.292484 0.021446 0.012255
50 0.619179 0.273489 0.020221 0.014297
50 0.734375 0.308007 0.021446 0.020425
50 0.753523 0.391953 0.013787 0.020016
21 0.412990 0.558211 0.030025 0.028186
14 0.169118 0.340686 0.028799 0.035131
58 0.183977 0.400327 0.007659 0.011438
36 0.474724 0.574755 0.105699 0.074346
58 0.826593 0.654616 0.012868 0.025735
