10 0.337010 0.434896 0.213235 0.071385
10 0.089257 0.215686 0.178513 0.154412
10 0.247958 0.219975 0.173203 0.148897
10 0.397672 0.219210 0.138480 0.153493
10 0.562092 0.199449 0.202614 0.198529
10 0.741830 0.198989 0.190359 0.204963
7 0.520221 0.619179 0.013480 0.008578
39 0.606005 0.615809 0.148284 0.126225
5 0.581699 0.479473 0.038399 0.040441
12 0.409722 0.432292 0.210784 0.286765
50 0.428513 0.574908 0.050654 0.035233
12 0.668709 0.974112 0.267157 0.261336
50 0.606209 0.876532 0.047386 0.045343
59 0.527574 0.756893 0.099265 0.100797
59 0.327002 0.863358 0.113154 0.101103
57 0.294730 0.344669 0.091095 0.058211
55 0.230188 0.469210 0.460376 0.022978
36 0.385621 0.626379 0.278595 0.246630
36 1.131127 0.210938 0.114379 0.036458
45 0.456699 0.548560 0.221405 0.168199
29 0.443219 0.389246 0.052288 0.038297
29 0.407067 0.475337 0.061683 0.024816
36 0.325163 0.712623 0.080882 0.018995
36 0.179739 0.556526 0.038399 0.053002
5 0.300858 0.496630 0.091912 0.183211
7 0.295956 0.577053 0.033905 0.021752
16 0.526348 0.426930 0.082108 0.114277
27 0.516748 0.464767 0.022059 0.015931
5 0.538807 0.418811 0.076797 0.019608
36 0.327002 0.567862 0.145016 0.121630
