59 0.097000 0.337993 0.012000 0.033443
36 0.302250 1.395285 0.058500 0.078947
57 0.351250 1.081963 0.191000 0.877741
58 0.024500 0.284814 0.049500 0.168311
12 0.345125 1.998081 0.327250 0.472039
12 0.336125 0.422697 0.328750 0.458333
8 0.372375 1.078673 0.234750 0.525768
4 0.441875 1.453399 0.318250 0.441886
7 0.276125 1.629660 0.056750 0.157895
20 0.325670 0.486702 0.192068 0.480712
27 0.327171 0.172053 0.230750 0.213816
34 0.240125 0.805099 0.331250 1.024671
53 0.245625 1.702577 0.077250 0.171601
36 0.380000 0.973684 0.118500 0.166667
6 0.453750 0.953399 0.043500 0.077851
58 0.825750 0.676535 0.007000 0.013158
5 0.175000 0.875548 0.041000 0.154605
59 0.172500 1.769737 0.007000 0.035088
59 0.239750 0.526864 0.003500 0.020833
14 0.274500 0.342928 0.017500 0.025768
5 0.374250 0.905154 0.046000 0.080044
7 0.393250 0.936404 0.008500 0.018640
7 0.407107 0.785936 0.017000 0.033443
