6 0.181219 0.525327 0.130208 0.129902
39 0.282629 0.447712 0.011336 0.010621
5 0.467218 1.013889 0.058517 0.056373
17 0.268689 0.934028 0.537377 0.774101
17 0.467525 1.465891 0.181985 0.335376
5 0.404718 0.906658 0.391544 0.850899
7 0.704504 0.689951 0.229167 0.312092
36 0.726220 0.585755 1.089898 1.145328
27 0.437347 0.904412 0.075674 0.090686
39 0.311428 0.794118 0.045037 0.072712
18 0.386489 0.508578 0.077512 0.120915
29 0.386183 0.702614 0.232537 0.215686
14 0.587010 0.577002 0.325980 0.349265
39 0.445772 0.645629 0.064338 0.110703
39 0.471201 0.598448 0.059436 0.058824
50 0.279718 0.735498 0.020833 0.020833
12 0.299173 0.662582 0.092831 0.177288
12 0.392004 0.623162 0.079963 0.186683
12 0.468137 0.719158 0.153799 0.139297
12 0.502298 0.631127 0.079963 0.078431
36 1.151654 0.659314 0.265319 0.358660
5 0.356720 0.578402 0.122549 0.131944
7 0.303426 0.632898 0.016544 0.026144
58 0.708669 1.198101 0.022672 0.020425
36 0.462316 0.570466 0.082721 0.103350
