36 0.643178 0.282782 0.164624 0.054534
36 0.779820 0.257353 0.111928 0.118873
40 0.705678 0.947457 0.313317 0.157782
36 0.410539 0.944853 0.075163 0.056373
36 0.656863 0.443627 0.048203 0.058824
36 0.406250 0.350337 0.050245 0.027267
58 0.549837 0.060968 0.060458 0.018382
16 0.550329 0.378676 0.051945 0.072917
36 0.727534 1.147672 0.222819 0.164216
57 0.608456 0.758119 0.955474 0.603248
58 0.510417 0.619638 0.212827 0.152880
8 0.728554 0.424479 0.052696 0.030944
29 0.563521 0.268995 0.030637 0.020221
8 0.668709 0.481311 0.048203 0.036152
36 0.539828 0.554841 0.053513 0.133578
38 0.543709 0.469975 0.408497 0.283088
33 0.453636 0.419271 0.096814 0.062806
46 0.556373 0.591452 0.469771 0.095895
55 0.615196 0.340074 0.049837 0.144608
58 0.649306 0.083946 0.035539 0.056373
58 0.250613 0.248928 0.012663 0.003370
36 0.154003 0.913756 0.028595 0.040748
14 0.574142 0.517463 0.095997 0.060662
36 0.051062 0.540441 0.026144 0.037990
