12 0.327206 0.340686 0.200163 0.102941
15 0.599469 0.466912 0.177696 0.137868
15 0.781658 0.305300 0.183415 0.134498
41 0.444649 0.166054 0.675245 0.332108
5 1.208129 0.599344 0.407271 0.323710
7 1.353758 0.719579 0.116830 0.083856
55 1.282884 0.483904 0.395833 0.146597
59 0.424428 0.205423 0.032680 0.021140
59 0.399918 0.270067 0.022059 0.018689
59 0.480801 0.381434 0.015523 0.023897
59 0.491217 0.435049 0.029820 0.024510
59 0.629085 0.535080 0.035131 0.028493
20 0.618873 0.637868 0.122549 0.084559
20 0.670547 0.629289 0.040441 0.074142
59 0.579453 0.717984 0.013480 0.032782
59 0.742034 0.958640 0.055147 0.017157
59 0.662173 1.047335 0.085784 0.036458
59 1.065155 1.165135 0.049428 0.049020
59 0.330065 0.713235 0.026961 0.026961
59 0.299020 0.632659 0.035948 0.018995
58 0.560458 0.900429 0.051471 0.021446
58 0.599469 0.797028 0.053513 0.021752
20 0.711397 1.111520 0.169526 0.130515
59 0.862132 1.209712 0.113971 0.045037
32 1.169118 1.460938 0.086601 0.030944
58 0.754493 1.040594 0.031863 0.041360
59 0.847631 1.601103 0.077614 0.052083
58 0.837010 1.486673 0.043301 0.039522
58 0.662377 0.977635 0.042892 0.024510
58 0.346814 0.175398 0.029412 0.005821
58 0.780842 1.610754 0.063317 0.030331
12 0.474381 1.147044 0.151961 0.184436
7 0.458129 0.315119 0.060049 0.030331
4 0.611743 0.088556 0.246324 0.175245
36 0.720384 0.663756 0.229984 0.087929
36 0.426062 0.359835 0.171569 0.183517
29 0.167075 0.502451 0.065359 0.079044
12 0.202614 0.441942 0.058824 0.039522
20 0.329044 0.301624 0.069853 0.042586
58 0.833333 0.312806 0.054739 0.039216
58 1.318832 0.309743 0.028186 0.028799
58 1.302696 0.319240 0.034314 0.026348
42 1.125817 0.305453 0.113562 0.055147
24 0.858864 0.592525 0.191585 0.073529
21 0.611315 0.434283 0.053513 0.056066
36 0.448734 0.573989 0.324755 0.263174
58 0.316397 0.061224 0.027778 0.024816
21 0.586806 0.280025 0.098448 0.085172
59 0.851103 0.751991 0.013480 0.007659
7 0.656863 0.661152 0.049428 0.036152
59 0.647672 0.626838 0.050245 0.012255
