5 0.435581 0.348000 0.245066 0.203500
39 1.007675 0.596750 0.095395 0.022500
8 1.118695 0.440875 0.046601 0.016750
7 0.463268 0.252875 0.052632 0.013250
50 1.083059 0.643375 0.068531 0.023750
57 0.586949 0.542059 0.555373 0.334000
17 0.551809 0.536155 0.525768 0.333000
17 0.793938 0.597601 0.054825 0.029750
6 0.927906 0.545375 0.535636 0.141250
59 0.467928 0.280000 0.034539 0.023500
33 1.320312 0.468813 1.400493 0.352625
45 1.130757 0.433250 1.228618 0.551500
22 0.834704 0.530000 0.125548 0.043000
12 0.619792 0.286000 0.109101 0.025500
59 0.479167 0.107500 0.021930 0.004000
59 0.464364 0.040500 0.007675 0.005000
59 0.685855 0.056250 0.012061 0.006500
59 0.559759 0.184250 0.025219 0.008500
59 0.764254 0.134750 0.013158 0.003500
59 0.151316 0.331750 0.026316 0.004500
59 0.402961 0.233500 0.012061 0.006000
36 0.649671 0.571375 0.364035 0.135250
45 0.727796 0.571125 0.518092 0.137250
45 1.321272 0.301500 0.280702 0.055000
0 0.641721 0.491375 0.141996 0.122750
29 0.914748 0.368500 0.620066 0.100500
36 1.128015 0.486750 0.192982 0.135000
59 1.083607 0.546125 0.011513 0.015250
59 1.067160 0.341500 0.031250 0.013500
16 0.401707 0.459887 0.552632 0.144750
7 0.609558 0.447679 0.077303 0.034500
