10 0.212827 0.218750 0.192810 0.191176
10 0.697304 0.209865 0.209967 0.187500
50 0.241013 0.152880 0.070261 0.029412
50 0.754085 0.159620 0.075163 0.025735
58 0.710162 0.299800 0.025327 0.022365
36 0.582020 0.231173 0.104167 0.084865
18 1.164940 1.090380 0.340460 0.118260
39 0.376324 0.615043 0.232560 0.124081
18 0.103170 0.473805 0.186999 0.041973
33 0.967679 0.855086 0.149800 0.139706
36 0.530637 0.591146 0.638072 0.440257
39 0.645629 0.796875 0.620507 0.718750
8 0.489583 0.705116 0.130310 0.094056
21 0.575572 0.743260 0.145425 0.110294
21 0.569240 0.324449 0.046977 0.026348
21 0.551266 0.707108 0.152369 0.149510
12 0.935049 0.359681 0.191993 0.113971
8 0.696078 0.412071 0.037582 0.027574
55 0.297181 0.342984 0.039624 0.167586
12 0.786560 0.395374 0.011029 0.006434
5 0.598243 0.625000 0.137255 0.082721
7 0.539624 0.656556 0.023693 0.021446
6 0.956699 0.888634 0.060458 0.128370
58 0.859477 0.097120 0.057190 0.051471
55 0.554875 0.547459 0.061664 0.120652
59 0.213371 0.912509 0.037582 0.035539
