49 0.794682 0.333375 0.223136 0.140750
59 0.439145 0.142750 0.066886 0.015500
59 0.799342 0.418250 0.067982 0.021500
27 0.542241 0.507601 0.098684 0.044750
39 0.549616 0.457798 0.205592 0.066500
6 0.737429 0.582399 0.108527 0.077702
59 0.759490 0.571137 0.030154 0.008250
59 0.540622 0.252536 0.031798 0.010000
58 0.322042 0.217167 0.013706 0.007000
59 0.266395 0.396655 0.020833 0.011500
39 0.772752 0.717250 0.412829 0.181000
18 0.910636 0.755375 0.200658 0.248750
36 1.080044 0.143375 0.342105 0.141750
36 0.936678 0.194000 0.102522 0.051000
40 1.296875 0.971500 0.602522 0.128000
5 0.915570 0.459500 0.745614 0.605000
36 0.734727 0.376696 0.206140 0.119250
12 0.824561 0.200875 0.191886 0.041750
50 0.748355 0.197625 0.014254 0.016750
45 0.807018 0.360625 0.242325 0.132750
29 1.186404 0.397375 0.222588 0.061250
0 0.662829 0.287250 0.200658 0.047000
20 0.869243 0.573250 0.115680 0.058500
8 1.066064 0.616625 0.026864 0.009250
33 0.963542 0.661375 0.078399 0.059250
59 0.930373 0.646250 0.023026 0.013500
36 0.618695 0.547625 0.513706 0.231250
14 0.428728 0.388750 0.078947 0.025500
14 0.406250 0.432625 0.071272 0.030750
39 0.342379 0.512750 0.048794 0.029000
59 0.603344 0.355625 0.007127 0.007250
59 0.465461 0.356500 0.017544 0.003000
59 0.334430 0.569875 0.009868 0.008750
59 0.321272 0.559875 0.024123 0.007750
59 0.319901 0.578625 0.014803 0.009250
59 0.585526 0.055625 0.014254 0.003250
