13 0.454350 0.398080 0.231618 0.120507
13 0.312960 0.718342 0.160233 0.079657
13 0.337163 1.222631 0.091605 0.172386
4 0.557292 1.160539 0.085172 0.278595
4 0.685815 1.125613 0.127757 0.259395
7 0.698529 1.043096 0.102941 0.093546
29 0.801011 0.509600 0.179841 0.147467
58 0.453585 0.124796 0.007047 0.014297
58 0.385876 0.156046 0.008272 0.011438
36 0.592371 0.299428 0.348958 0.041667
36 0.347273 0.174020 0.029718 0.057190
36 0.084099 0.232230 0.068321 0.033905
29 0.097273 0.393587 0.059743 0.091912
