5 0.350082 0.505974 0.098039 0.021752
5 0.606413 0.378217 0.057598 0.022978
5 0.537582 0.320925 0.018791 0.011949
6 0.323529 0.402267 0.017974 0.028186
16 0.352941 0.468750 0.062908 0.023284
58 0.032680 0.473192 0.024510 0.011336
58 0.405229 0.467831 0.017974 0.009804
58 0.464665 0.442555 0.012663 0.007047
58 0.893995 0.197917 0.021650 0.006740
58 0.370711 0.270680 0.009395 0.003983
20 0.635008 0.464767 0.028186 0.018382
39 0.450980 0.443627 0.017974 0.009804
12 0.585580 0.280484 0.009395 0.010723
